1 4039 16 345.92 345.92 10 11
1 12341 74 2.14 2.14 12 11
1 12341 74 1.23 1.23 12 11
1 10371 31 0.02 0.02 21 11
1 8341 54 44.07 44.07 11 12
1 8341 54 44.07 44.07 11 12
1 5903 4 5000 5000 17 12
1 2773 1 0 0 18 12
1 2773 1 0 0 18 12
1 14116 4 19898 19898 14 12
1 11266 74 2019.8 2019.8 12 11
1 11266 74 2509.9 2509.9 12 11
1 8149 74 8.15 8.15 14 11
1 8149 74 8.68 8.68 14 11
1 4188 2 8.32 11.48 11 12
1 4311 16 1831.67 1665 20 12
1 4309 16 247.52 225 21 12
1 11887 74 2066.45 2066.45 10 12
1 11887 74 1033.22 1033.22 10 12
1 11887 74 1130.12 1130.12 10 12
1 11889 74 2 2 10 12
1 2623 1 9999 9999 14 12
1 2623 1 9999 9999 14 12
1 2488 4 12000 12000 15 12
1 2560 4 19980 19980 15 12
1 704 4 28000 28000 15 12
1 2488 4 19979 19979 15 12
1 704 4 20000 20000 15 12
1 2488 4 6000 6000 16 12
1 2349 4 7470 7470 16 12
1 2377 4 10000 10000 16 12
1 2349 4 2490 2490 16 12
1 2349 4 4980 4980 16 12
1 2349 4 2490 2490 16 12
1 5227 4 0 0 16 12
1 2349 4 1692 1692 16 12
1 2349 4 940 940 16 12
1 2488 4 3000 3000 16 12
1 4293 73 1.49 1 23 12
1 4293 73 1.49 1 14 12
1 4293 73 705.87 472.31 19 12
1 4460 21 176.53 1368 12 11
1 4460 1 176.53 1368 12 11
1 11884 74 1149 1149 20 12
1 11884 74 1149 1149 18 12
1 2173 4 0 0 17 11
1 14035 4 8662.28 8662.28 17 11
1 2173 4 0 0 16 11
1 9390 74 1.5 1.5 23 12
1 12202 74 0 0 14 12
1 8620 74 1 1 14 12
1 12202 74 0 0 14 12
1 11691 74 1 1 14 12
1 12202 74 0 0 14 12
1 8620 74 1 1 14 12
1 12202 74 0 0 14 12
1 8620 74 1 1 14 12
1 7011 74 6.49 6.49 18 11
1 3892 73 1 1 15 11
1 2991 74 100 100 17 11
1 11542 74 100 100 17 11
1 14013 1 0 0 19 12
1 14013 1 0 0 19 12
1 274 1 19999 19999 16 11
1 11278 18 0 0 19 11
1 11267 18 478.54 449 19 11
1 10513 16 1.07 1 20 11
1 3614 73 1 1 20 11
1 3614 73 1 1 20 11
1 12728 4 500 500 18 2
1 1430 4 0 0 13 12
1 1600 4 0 0 11 12
1 3244 1 0 0 19 4
1 4643 1 0 0 19 4
1 3244 1 0 0 19 4
1 3244 1 4609 4609 19 4
1 13509 1 98595 98595 18 11
1 13509 1 98595 98595 18 11
1 13509 1 98595 98595 18 11
1 2174 1 0 0 14 11
1 2174 1 0 0 14 11
1 6689 1 0 0 18 11
1 6689 1 0 0 23 11
1 4643 4 0 0 15 4
1 4643 4 0 0 13 6
1 4643 4 0 0 13 6
1 1831 4 0 0 13 11
1 11181 18 98.88 98.88 17 11
1 11181 18 98.88 98.88 17 11
1 12525 1 10000 10000 14 7
1 12525 1 5000 5000 14 7
1 12525 1 5000 5000 14 7
1 8246 74 16.5 16.5 22 11
1 8246 74 21 21 22 11
1 8246 74 34 34 22 11
1 2991 74 100 100 17 11
1 4849 27 100 100 17 11
1 11542 74 100 100 17 11
1 4643 4 0 0 13 6
1 9662 4 500 500 12 5
1 5019 74 70 70 13 11
1 2773 4 0 0 16 12
1 1380 4 50000 50000 16 12
1 1380 4 19900 19900 16 12
1 1380 4 10000 10000 16 12
1 2773 4 0 0 16 12
1 195 4 12800 12800 16 12
1 2773 4 0 0 11 12
1 13037 1 0 0 15 11
1 6467 16 968.84 900 19 11
1 6467 16 968.84 900 19 11
1 6967 74 6.48 6.48 15 11
1 8351 74 146 146 15 12
1 8077 74 0 0 18 11
1 4034 4 19689 19689 15 12
1 2729 4 19998 19998 17 12
1 5069 2 900.56 1199.04 10 12
1 7656 3 529.5 76006.73 13 12
1 4903 76 0.27 1 11 11
1 4112 4 199.2 199.2 15 1
1 4112 4 199.2 199.2 15 1
1 11004 1 0 0 15 1
1 4104 4 298.5 298.5 15 1
1 11941 4 992 992 16 1
1 11941 4 1488 1488 16 1
1 4643 1 0 0 20 8
1 12525 1 10000 10000 20 8
1 12525 4 10000 10000 20 8
1 6922 1 1996.8 1996.8 20 8
1 6922 4 1996.8 1996.8 20 8
1 6922 1 1996.8 1996.8 20 8
1 12531 1 2000 2000 20 8
1 4418 4 3000 3000 20 8
1 1841 4 29850 29850 17 12
1 1882 4 15000 15000 17 12
1 14013 1 0 0 19 12
1 14013 4 0 0 19 12
1 7178 74 0.24 0.24 19 12
1 1835 4 0 0 13 11
1 10797 74 2825 2825 19 12
1 1960 4 0 0 15 11
1 1746 4 20000 20000 18 11
1 6689 4 0 0 17 11
1 2105 4 0 0 20 11
1 2104 4 0 0 23 12
1 10797 74 2825 2825 19 12
1 2761 4 0 0 22 12
1 6689 4 0 0 23 12
1 6689 4 2000 2000 23 12
1 4643 1 0 0 17 7
1 12525 1 10000 10000 17 7
1 12525 4 10000 10000 17 7
1 14013 4 0 0 19 12
1 2716 4 29485 29485 19 12
1 9214 1 0 0 19 12
1 2696 4 9850 9850 19 12
1 12448 74 4 4 15 12
1 8701 74 7.5 7.5 15 12
1 10844 74 124.11 124.11 10 12
1 4643 1 0 0 12 5
1 6914 1 2156 2156 12 5
1 5060 74 26 26 14 11
1 681 2 0.49 0.64 14 11
1 4892 76 1098 4185.57 14 11
1 12487 2 0 0 14 11
1 6189 74 4.47 4.47 14 11
1 10904 74 50 50 11 11
1 12645 74 30.21 30.21 21 11
1 4643 4 0 0 11 6
1 4643 1 0 0 16 5
1 4643 1 0 0 16 5
1 11004 1 0 0 16 5
1 14052 4 19000 19000 23 11
1 14052 4 29000 29000 23 11
1 14052 4 16000 16000 23 11
1 14052 4 6800 6800 23 11
1 279 4 19999 19999 18 11
1 4643 1 0 0 22 10
1 9288 1 1962 1962 22 10
1 4643 1 0 0 22 10
1 9288 1 1962 1962 22 10
1 9288 4 1962 1962 22 10
1 9288 1 1962 1962 22 10
1 9288 1 1962 1962 22 10
1 9288 1 1962 1962 22 10
1 9288 1 981 981 22 10
1 4418 4 999.9 999.9 21 7
1 4422 4 2899 2899 21 7
1 4422 4 5499 5499 21 7
1 4422 4 5499 5499 21 7
1 4422 4 1199 1199 21 7
1 14229 4 9986 9986 17 12
1 6916 4 96.5 96.5 14 7
1 4418 4 904.5 904.5 14 7
1 4418 4 904.5 904.5 14 7
1 4112 4 491.25 491.25 14 7
1 4418 4 904.5 904.5 14 7
1 4418 4 1507.5 1507.5 14 7
1 4643 4 0 0 13 1
1 10140 31 0 0 12 12
1 10643 74 38.02 38.02 20 11
1 12314 4 99.9 99.9 10 7
1 9319 1 10000 10000 18 12
1 9319 1 0 0 18 12
1 2533 4 7400 7400 19 11
1 6809 1 1996.8 1996.8 13 10
1 8211 25 1106.41 73650 23 12
1 12631 5 2969.84 97500 15 12
1 4804 5 989.95 32500 16 12
1 4643 4 0 0 11 4
1 7594 4 665 665 11 4
1 4643 4 0 0 11 4
1 880 74 1415.66 1415.66 12 11
1 12162 74 155.26 155.26 13 11
1 10672 74 238.92 238.92 13 11
1 11690 74 397.91 397.91 10 11
1 3514 74 30 30 10 11
1 10581 74 242.8 242.8 11 11
1 9522 74 20 20 16 11
1 5029 74 12.82 12.82 12 11
1 8308 73 12.56 80 23 11
1 5309 73 149.52 100 23 12
1 4629 73 154.57 154.57 23 12
1 4629 73 154.57 154.57 23 12
1 5309 73 149.52 100 23 12
1 5309 73 298.31 200 22 12
1 3892 73 1 1 15 11
1 3892 73 1 1 15 11
1 11785 31 0.01 1 15 11
1 2991 74 100 100 17 11
1 4849 27 100 100 17 11
1 11542 74 100 100 17 11
1 1984 1 0 0 16 12
1 1982 4 0 0 16 12
1 333 4 15924 15924 16 12
1 1983 4 0 0 16 12
1 333 4 9853 9853 16 12
1 4489 4 19836 19836 16 12
1 10238 74 20 20 16 12
1 314 74 1.5 1.5 20 11
1 314 74 1.5 1.5 22 11
1 8076 74 0.1 0.1 23 11
1 434 4 0 0 12 11
1 2733 4 8273 8273 12 11
1 1757 4 4998 4998 12 11
1 434 4 0 0 12 11
1 11542 74 100 100 10 12
1 2991 74 100 100 10 12
1 11542 74 100 100 10 12
1 2991 74 100 100 10 12
1 4849 27 100 100 10 12
1 14042 4 1230 1230 18 2
1 8559 74 220 220 20 12
1 8559 74 220 220 14 12
1 10255 29 54.7 50 19 12
1 10255 29 54.7 50 20 12
1 1908 1 0 0 12 11
1 1896 1 0 0 12 11
1 1913 1 0 0 12 11
1 4250 74 0.12 0.12 12 12
1 2766 73 4260.3 2838.4 22 12
1 8159 73 152.38 101.52 22 12
1 4943 27 1050.3 962 22 12
1 791 4 0.02 0.02 17 11
1 791 1 0.02 0.02 20 11
1 791 4 0.02 0.02 20 11
1 793 4 0.02 0.02 19 11
1 4261 74 0 0 20 12
1 4268 74 0 0 22 12
1 4264 74 0 0 22 12
1 4271 74 0 0 18 12
1 12525 1 5000 5000 15 8
1 12525 4 5000 5000 15 8
1 6922 1 1603.8 1603.8 15 8
1 6523 74 0.99 0.99 17 12
1 6523 74 0.99 0.99 17 12
1 6523 74 0.99 0.99 17 12
1 6523 74 0.99 0.99 17 12
1 6523 74 0.99 0.99 17 12
1 6523 74 0.99 0.99 17 12
1 6523 74 0.99 0.99 17 12
1 6523 74 0.99 0.99 17 12
1 9976 29 2686.48 2500 21 11
1 9976 29 2686.48 2500 21 11
1 6967 74 0.57 0.57 22 11
1 7023 74 0.44 0.44 22 11
1 10867 74 19.08 19.08 11 11
1 9288 1 1999.06 1999.06 15 10
1 6809 1 1999.68 1999.68 15 10
1 4643 1 0 0 20 1
1 13905 1 0 0 18 12
1 2705 1 25742 25742 18 12
1 2730 1 0.01 0.01 18 12
1 4349 4 67 67 12 4
1 4349 4 67 67 12 4
1 3559 62 41.97 41.97 12 12
1 5137 76 8.41 31.6 10 12
1 10678 74 2007.28 2007.28 17 11
1 10678 74 1500 1500 17 11
1 670 2 0.09 0.12 10 11
1 8510 23 203.63 281.98 10 11
1 12392 74 341.75 341.75 10 11
1 355 46 195.49 3199 10 11
1 3559 62 1 1 10 11
1 1592 74 0 0 10 11
1 11211 74 0 0 10 11
1 5060 74 27 27 10 11
1 3858 74 268.69 51.69 10 11
1 11460 74 149.95 149.95 10 11
1 3858 2 217 217 10 11
1 11573 74 202.48 52.53 10 11
1 12131 74 118.6 118.6 10 11
1 10872 74 242.77 242.77 10 11
1 4922 27 86.89 86.89 10 11
1 10712 74 77.98 77.98 10 11
1 11181 18 29.95 29.95 10 11
1 11181 74 29.95 29.95 10 11
1 11354 74 199.48 198.48 10 11
1 12283 74 384.44 494 10 11
1 11986 74 106.79 106.79 10 11
1 8325 74 718.58 718.58 10 11
1 12487 2 0 0 10 11
1 10693 74 15.49 15.49 10 11
1 12135 74 36.85 36.85 10 11
1 8434 74 775 775 10 11
1 12130 74 52.46 52.46 10 11
1 10628 74 36.86 36.86 10 11
1 12392 74 341.75 341.75 10 11
1 10630 74 20.32 20.32 10 11
1 11564 73 207.15 134.1 10 11
1 10264 74 0.86 0.86 10 11
1 9478 74 221.38 221.38 10 11
1 9478 74 221.38 221.38 10 11
1 10695 74 56.72 56.72 10 11
1 8339 74 40.5 40.5 10 11
1 10624 74 38.81 38.81 10 11
1 10635 74 28.81 28.81 10 11
1 11672 74 237.85 237.85 10 11
1 8493 74 316.95 316.95 10 11
1 1392 74 155 155 10 11
1 2259 74 47 47 10 11
1 10629 74 28.64 28.64 10 11
1 11146 48 0 0 10 11
1 11146 48 0.16 1 10 11
1 11146 74 39.72 650 10 11
1 11146 48 1 1 10 11
1 3224 74 22.72 22.72 10 11
1 3313 74 0 0 10 11
1 10694 74 58.51 58.51 10 11
1 10631 74 24.85 24.85 10 11
1 10554 74 23.95 23.95 13 11
1 10554 74 23.95 23.95 20 11
1 12443 74 1 1 18 11
1 5124 74 0 0 19 12
1 5124 74 2 2 19 12
1 434 4 0 0 12 11
1 4643 1 0 0 16 9
1 4643 1 0 0 16 9
1 4643 1 0 0 16 9
1 9717 1 1 1 14 11
1 4253 74 3.17 3.17 23 12
1 4256 74 4.3 4.3 23 12
1 4643 4 0 0 23 1
1 10554 74 23.95 23.95 11 11
1 10554 74 23.95 23.95 19 11
1 12443 74 1 1 18 11
1 12443 74 1 1 18 11
1 4643 4 0 0 17 4
1 2872 4 1 1 17 4
1 2281 74 7.49 7.49 10 11
1 2281 74 3.8 3.8 22 11
1 4960 74 3 3 14 11
1 12576 74 0.25 0.25 21 11
1 4422 4 2999 2999 14 8
1 5338 26 427.71 5854500 20 12
1 5338 26 1503.4 20578750 20 12
1 5338 26 369.3 5055000 21 12
1 4856 54 741.52 35000 18 12
1 7455 54 479.28 22622 19 12
1 4112 4 392 392 22 9
1 4643 1 0 0 20 9
1 4643 1 0 0 20 9
1 4643 1 0 0 20 9
1 6922 1 918 918 20 9
1 2773 4 0 0 19 12
1 2773 4 0 0 21 12
1 2773 4 0 0 21 12
1 193 4 5500 5500 21 12
1 193 4 5800 5800 21 12
1 209 4 2000 2000 21 12
1 209 4 2000 2000 21 12
1 8989 48 128.56 118 20 11
1 10252 74 15.96 15.96 22 11
1 4083 74 2.44 2.44 19 11
1 10252 74 13.98 13.98 14 11
1 10252 74 13.98 13.98 11 11
1 10252 74 13.98 13.98 11 11
1 10252 74 13.98 13.98 11 11
1 10252 74 11.18 11.18 11 11
1 10155 29 1.6 1.5 21 11
1 10252 74 11.18 11.18 16 11
1 10252 74 11.18 11.18 11 11
1 10252 74 11.18 11.18 11 12
1 10252 74 11.18 11.18 11 12
1 11152 48 92.23 2990 21 11
1 6523 74 0.99 0.99 17 12
1 10110 23 14.54 20 17 12
1 10110 23 14.54 20 17 12
1 10110 23 14.54 20 17 12
1 10801 74 151.2 151.2 12 12
1 10785 74 30 30 10 11
1 11186 18 0.93 0.93 15 12
1 11186 18 39.99 39.99 15 12
1 4843 33 8.29 9681 20 12
1 9195 70 3784.17 13897 23 12
1 10392 2 312.87 413.9 11 11
1 14161 1 240 240 19 11
1 4694 7 563.08 298675 22 12
1 4926 27 44.74 23731.5 22 12
1 11118 52 152.7 152.7 22 12
1 4626 24 8.12 8.12 15 11
1 4626 24 8.12 8.12 15 11
1 7023 74 7.41 7.41 19 11
1 4964 5 0 0 20 12
1 10797 74 1820 1820 23 12
1 12203 27 2009.68 1828 23 12
1 12203 27 944.38 859 23 12
1 14013 4 0 0 19 12
1 10782 74 1520.55 1520.55 11 11
1 10782 74 1519.46 1519.46 12 11
1 8076 74 0.1 0.1 22 12
1 8076 74 0 0 15 12
1 8076 74 0 0 14 12
1 10797 74 1820 1820 23 12
1 10797 74 1820 1820 23 12
1 11187 73 2.14 2 21 11
1 11187 73 2.14 2 21 11
1 8331 74 0 0 22 11
1 8331 74 833.35 833.35 22 11
1 4643 1 0 0 18 10
1 4643 1 0 0 18 10
1 4643 1 0 0 18 10
1 4643 1 0 0 18 10
1 6922 1 500 500 18 10
1 11026 16 1753.79 1598 23 12
1 10238 74 100 100 19 11
1 10238 74 20 20 19 11
1 8257 74 1 1 19 12
1 12082 21 228 228 17 11
1 7945 74 1 1 22 12
1 7945 74 254.81 254.81 22 12
1 4643 1 0 0 21 6
1 4643 1 0 0 21 6
1 12205 27 1880.33 1718 21 12
1 4267 74 6.44 6.44 22 12
1 8237 74 3.93 3.93 19 12
1 7422 74 3.46 3.46 21 12
1 4254 74 8.85 8.85 14 12
1 10488 16 211.03 198 20 11
1 11930 16 298.37 279.95 20 11
1 8596 16 2.34 2.2 21 11
1 5310 16 106.58 100 21 11
1 5255 74 30.82 30.82 13 12
1 11165 74 0.83 0.83 22 12
1 5215 16 1603.64 1500 21 11
1 5215 16 1924.36 1800 21 11
1 5215 16 1817.45 1700 21 11
1 12083 16 216.81 199 22 11
1 12032 16 3105.05 2850 23 11
1 8342 16 177.04 162.5 23 11
1 3335 16 21.79 20 23 11
1 10239 74 0 0 16 12
1 10239 74 0 0 16 12
1 8755 74 1500 1500 16 12
1 6793 43 206 206 11 12
1 11385 74 206 206 11 12
1 5215 16 1817.45 1700 21 11
1 11860 73 1 7.75 11 12
1 4850 27 1 1 11 12
1 10797 74 1820 1820 23 12
1 8661 74 5 5 11 11
1 8677 74 7.25 7.25 12 11
1 8056 74 0.15 0.15 15 11
1 8045 74 0.34 0.34 15 11
1 8049 73 3352.53 2220 20 12
1 4251 74 15.71 15.71 20 12
1 12301 74 0 0 12 12
1 10185 74 311.97 311.97 12 12
1 12301 74 249.99 249.99 12 12
1 5314 74 1 1 15 12
1 10198 31 0.02 2 20 11
1 6689 4 0 0 22 11
1 4925 27 48.41 45.5 14 11
1 5293 62 3105.21 19847.71 14 11
1 11459 74 85 85 16 11
1 8337 70 3403.76 12500 22 12
1 8076 74 0 0 14 12
1 1421 67 1.03 1.03 15 12
1 8076 74 0 0 21 12
1 8076 74 0 0 21 12
1 10778 74 951.9 951.9 22 11
1 10778 74 2.62 2.62 22 11
1 4703 69 78.96 2820 11 11
1 5225 16 1.1 1 16 12
1 3892 73 1 1 16 11
1 12226 74 24.95 24.95 16 11
1 8502 74 172.12 172.12 16 11
1 4083 74 2.21 2.21 16 11
1 1348 74 100 100 16 11
1 6779 16 12.01 10.89 16 11
1 6378 74 7.86 7.86 16 11
1 3892 73 1 1 16 11
1 4643 1 0 0 11 6
1 6809 1 1909.5 1909.5 11 6
1 4643 4 0 0 13 6
1 2854 4 5640 5640 13 6
1 4643 4 0 0 20 4
1 2532 4 7500 7500 13 11
1 2532 1 7262 7262 13 11
1 2532 1 7262 7262 13 11
1 2532 1 7283 7283 13 11
1 2532 1 7283 7283 13 11
1 2178 4 5930 5930 15 12
1 1802 4 0 0 14 11
1 1751 4 8670 8670 14 11
1 1752 4 13470 13470 14 11
1 4673 55 2.15 2.15 18 11
1 8317 4 0 0 17 12
1 8317 4 3000 3000 17 12
1 8127 4 2500 2500 17 12
1 8127 4 2000 2000 17 12
1 8127 4 1000 1000 17 12
1 8127 4 500 500 17 12
1 1882 1 19800 19800 18 12
1 1882 1 19800 19800 18 12
1 5423 1 0 0 18 12
1 5423 1 0 0 18 12
1 5423 1 0 0 18 12
1 4643 1 0 0 15 6
1 4643 1 0 0 16 6
1 4643 1 0 0 16 6
1 6809 1 1999.8 1999.8 16 6
1 8314 74 1.5 1.5 22 11
1 8314 74 1.35 1.35 22 11
1 6922 1 1999.8 1999.8 18 5
1 6922 1 1999.8 1999.8 18 5
1 6922 1 1999.8 1999.8 18 5
1 6922 1 999.9 999.9 18 5
1 12525 1 10000 10000 11 9
1 12525 1 10000 10000 11 9
1 4643 1 0 0 13 7
1 4643 1 0 0 13 7
1 4643 1 0 0 13 7
1 12531 1 6000 6000 13 7
1 9163 1 0.01 0.01 14 12
1 9163 1 0.01 0.01 14 12
1 4643 1 0 0 10 6
1 4643 1 0 0 10 6
1 4643 1 0 0 10 6
1 6809 1 1999.6 1999.6 10 6
1 12527 1 0 0 14 6
1 4643 1 0 0 14 6
1 12527 1 0 0 14 6
1 12532 1 3000 3000 17 2
1 12532 1 3000 3000 17 2
1 12532 4 3000 3000 17 2
1 12532 1 1000 1000 17 2
1 12532 4 1000 1000 17 2
1 12532 1 500 500 17 2
1 4643 1 0 0 15 5
1 4643 1 0 0 15 5
1 4643 1 0 0 15 5
1 6922 1 1999.8 1999.8 15 5
1 6922 4 1999.8 1999.8 15 5
1 6922 1 1999.8 1999.8 15 5
1 6922 4 1999.8 1999.8 15 5
1 6922 1 999.9 999.9 15 5
1 4643 1 0 0 16 6
1 6809 1 1990 1990 16 6
1 4349 4 30 30 18 4
1 11941 4 100 100 23 12
1 2773 4 0 0 16 12
1 8074 4 0 0 16 12
1 8074 4 0 0 16 12
1 7793 1 0 0 11 6
1 4643 1 0 0 11 6
1 7793 1 0 0 11 6
1 7793 1 9850 9850 11 6
1 7793 1 9850 9850 11 6
1 7793 1 7850 7850 11 6
1 7793 4 7850 7850 11 6
1 4643 1 0 0 10 5
1 4643 1 0 0 10 5
1 4643 1 0 0 10 5
1 6914 1 4567 4567 10 5
1 4643 1 0 0 15 6
1 4643 1 0 0 15 6
1 4643 1 0 0 15 6
1 6809 1 1976 1976 15 6
1 6809 4 1976 1976 15 6
1 12519 1 0 0 10 7
1 4643 1 0 0 10 7
1 4273 74 2.29 2.29 12 12
1 10238 74 20 20 16 12
1 11177 18 1.03 1.03 22 11
1 11177 18 39.99 39.99 22 11
1 11177 18 39.99 39.99 22 11
1 12443 74 1 1 18 11
1 12443 74 1 1 13 11
1 4643 4 0 0 13 5
1 13029 4 0.01 0.01 13 5
1 4349 4 29.85 29.85 16 5
1 10246 74 1 1 17 11
1 12458 74 4 4 12 12
1 6809 1 0 0 17 9
1 6809 1 0 0 17 9
1 4643 1 0 0 17 9
1 6809 1 0 0 17 9
1 6809 1 1996.8 1996.8 17 9
1 4643 4 0 0 14 5
1 4643 4 0 0 12 4
1 13029 4 0.01 0.01 12 4
1 12527 1 0 0 12 4
1 12527 1 9999 9999 12 4
1 12314 4 99.25 99.25 13 7
1 12314 4 49.64 49.64 13 7
1 12314 4 99.99 99.99 13 7
1 12314 4 99.99 99.99 13 7
1 2722 4 19998 19998 13 12
1 11335 21 751.34 751.34 17 12
1 11336 21 1302.67 1302.67 20 12
1 4643 4 0 0 13 6
1 8352 16 1176.95 1078 22 12
1 5193 16 634.33 581 23 12
1 11618 31 123.45 15149 14 11
1 11618 31 123.42 15149 12 11
1 11618 31 123.42 15149 17 11
1 11618 31 123.42 15149 18 11
1 11618 31 123.87 15149 21 11
1 11618 31 123.87 15149 21 11
1 4643 1 0 0 15 7
1 4643 1 0 0 15 7
1 4643 1 0 0 15 7
1 12525 1 10000 10000 15 7
1 1409 67 652.32 596 20 12
1 2613 1 0.01 0.01 16 11
1 518 4 10000 10000 21 11
1 1128 1 2980 2980 20 11
1 1128 4 2980 2980 20 11
1 1128 4 2980 2980 20 11
1 1285 4 2680 2680 20 11
1 4304 4 0 0 20 11
1 4643 1 0 0 14 9
1 4643 1 0 0 14 9
1 4643 1 0 0 14 9
1 12525 1 10000 10000 14 9
1 12443 74 1 1 18 11
1 12443 74 1 1 13 11
1 8562 23 88.88 122.45 13 11
1 8562 23 88.88 122.45 13 11
1 8061 4 360 360 16 11
1 8061 4 390 390 16 11
1 8061 4 290 290 16 11
1 8061 4 290 290 17 11
1 1043 4 50000 50000 17 11
1 1043 4 50000 50000 17 11
1 1354 4 3000 3000 12 12
1 1356 4 3000 3000 12 12
1 1354 4 3000 3000 16 12
1 994 4 500 500 16 12
1 4643 4 0 0 12 6
1 13031 4 0.1 0.1 12 6
1 2028 4 510 510 23 12
1 4643 1 0 0 15 3
1 4643 1 0 0 15 3
1 9868 4 0.01 0.01 15 4
1 9868 4 300 300 15 4
1 9868 4 147 147 21 5
1 265 4 10030 10030 12 12
1 265 4 13880 13880 12 12
1 315 4 18000 18000 12 12
1 2773 4 0 0 13 12
1 10250 74 194 194 13 11
1 4282 74 194 194 13 11
1 5066 2 521.53 705.6 11 12
1 5066 2 252.49 341.6 11 12
1 4643 1 0 0 11 12
1 1802 4 0 0 14 11
1 1750 4 1300 1300 14 11
1 11542 74 100 100 20 11
1 2991 74 100 100 20 11
1 2991 74 100 100 20 11
1 11542 74 100 100 20 11
1 1137 74 1 1 16 11
1 8200 74 1.16 1.16 18 12
1 4643 4 0 0 23 1
1 4643 1 0 0 17 5
1 4643 1 0 0 17 5
1 4643 1 0 0 17 5
1 6922 1 1999.8 1999.8 17 5
1 10146 23 3307.86 4548.6 14 12
1 1848 4 7560 7560 12 12
1 11359 74 510.92 510.92 14 11
1 11359 74 510.92 510.92 14 11
1 11359 74 510.92 510.92 14 11
1 6809 1 0 0 17 7
1 4643 1 0 0 17 7
1 6809 1 0 0 17 7
1 11747 74 62.35 62.35 16 11
1 5051 76 3.19 12.3 22 12
1 8466 76 3.19 12.3 22 12
1 12448 74 4 4 15 12
1 4643 4 0 0 21 4
1 4643 4 0 0 22 4
1 4643 4 0 0 22 4
1 4643 4 0 0 22 4
1 4643 4 0 0 22 4
1 4643 4 0 0 22 4
1 4643 1 0 0 17 5
1 4643 1 0 0 17 5
1 4643 1 0 0 17 5
1 6922 1 1999.8 1999.8 17 5
1 1419 67 39.99 39.99 10 12
1 4643 4 0 0 13 5
1 6916 4 26.85 26.85 13 5
1 4643 4 0 0 14 4
1 12268 73 1.54 1 20 11
1 8688 16 77.8 73 13 11
1 12268 73 1.51 1 20 11
1 10208 16 1.06 1 17 12
1 11853 16 1.06 1 20 12
1 11853 16 1.06 1 21 12
1 6466 16 188.63 171.75 17 12
1 11419 73 272.13 180 11 12
1 5405 39 190.93 190.93 16 12
1 4368 11 784.78 515 15 12
1 4800 16 54.2 49 21 12
1 5044 74 16.95 16.95 17 12
1 13289 74 234.06 234.06 10 12
1 11179 18 1.25 1.25 17 12
1 11685 73 1.25 1.25 17 12
1 10473 74 1.25 1.25 17 12
1 11686 73 1.25 1.25 17 12
1 11687 73 1.25 1.25 17 12
1 4643 4 0 0 16 5
1 4643 1 0 0 12 10
1 4643 1 0 0 12 10
1 4643 1 0 0 12 10
1 4643 1 0 0 12 10
1 6809 1 816 816 12 10
1 6355 16 1.11 1 10 11
1 6355 16 1.11 1 10 11
1 4670 20 401.96 372.5 14 11
1 4643 1 0 0 16 11
1 4643 1 0 0 16 11
1 4643 1 0 0 16 11
1 4643 1 0 0 16 11
1 4643 1 0 0 16 11
1 4643 1 0 0 16 11
1 6809 1 303 303 16 11
1 10663 74 1000 1000 10 12
1 10663 74 1.73 1.73 10 12
1 8120 2 54.14 75 11 12
1 4754 2 0.01 0.01 11 12
1 4754 2 0.01 0.01 11 12
1 5326 2 144.8 200.58 13 12
1 11233 2 0 0 12 12
1 11233 2 0 0 12 12
1 11233 2 0 0 12 12
1 8645 75 0 0 14 11
1 10916 74 2438 2438 21 11
1 11358 16 165.38 149.92 18 11
1 11490 74 299 299 12 12
1 11844 74 100 100 12 12
1 11844 74 100 100 12 12
1 11844 74 100 100 12 12
1 11844 74 100 100 12 12
1 1503 74 106 106 12 12
1 11844 74 100 100 12 12
1 11844 74 100 100 20 12
1 11844 74 100 100 22 12
1 11844 74 100 100 23 12
1 11542 74 100 100 10 11
1 2991 74 100 100 10 11
1 4849 27 100 100 10 11
1 8145 74 9.88 9.88 22 12
1 303 74 1.5 1.5 10 11
1 9467 74 0 0 21 11
1 11931 31 152.29 18360 16 12
1 5326 2 574.99 800 13 12
1 7577 16 359.73 338 12 12
1 1410 67 2073.25 1894.26 16 12
1 1410 67 2073.25 1894.26 16 12
1 9478 74 1667.87 1667.87 22 11
1 9478 74 1667.87 1667.87 22 11
1 8586 74 354.93 232.98 22 11
1 7023 74 6.49 6.49 22 11
1 4498 4 1000 1000 23 10
1 4498 4 600 600 23 10
1 4498 4 5000 5000 23 10
1 4498 4 5000 5000 23 10
1 4115 4 998 998 23 10
1 1203 74 0 0 23 12
1 1203 74 32.97 32.97 23 12
1 1203 74 12 12 23 12
1 1203 74 12 12 23 12
1 8645 75 0 0 12 11
1 8645 75 0 0 15 11
1 8645 75 0 0 18 11
1 5404 4 138 138 14 12
1 5404 4 1140 1140 14 12
1 5404 4 1040 1040 14 12
1 5404 4 1140 1140 14 12
1 2502 4 498 498 18 11
1 2103 4 0 0 19 11
1 1798 4 19880 19880 17 11
1 1798 4 5800 5800 17 11
1 1798 4 19800 19800 17 11
1 1798 4 3800 3800 17 11
1 1798 4 3300 3300 17 11
1 1798 4 3300 3300 17 11
1 1798 4 1380 1380 17 11
1 2945 4 19800 19800 17 11
1 282 4 39000 39000 13 12
1 317 4 39900 39900 13 12
1 316 4 39900 39900 13 12
1 321 4 39900 39900 13 12
1 2728 4 19000 19000 14 12
1 321 4 49000 49000 14 12
1 9723 4 30600 30600 11 12
1 2567 4 8040 8040 18 12
1 1742 4 15300 15300 12 12
1 1743 4 8968 8968 12 12
1 1744 4 4500 4500 12 12
1 10673 74 2000 2000 11 12
1 10673 74 490.49 490.49 11 12
1 10770 74 1.77 1.77 13 12
1 12246 29 4513.91 4150 22 12
1 10289 74 0 0 19 11
1 3892 73 1 1 16 12
1 3892 73 1 1 16 12
1 11542 74 100 100 17 12
1 10358 29 1.1 1 19 12
1 10358 29 1.1 1 19 12
1 8564 73 0 0 19 12
1 11223 40 10683.89 13300 18 12
1 11223 40 10683.89 13300 18 12
1 4738 2 0.75 1 23 11
1 8511 74 4.17 4.17 23 11
1 4254 74 3.6 3.6 12 12
1 8023 41 2835.61 12200 21 11
1 8023 41 2370.76 10200 21 11
1 8023 41 2777.5 11950 21 11
1 8023 41 5113.39 22000 21 11
1 4681 10 431.64 400 22 11
1 10111 10 38.16 35.75 20 11
1 4692 10 38.16 35.75 20 11
1 14223 4 0 0 20 11
1 785 1 0 0 16 12
1 785 1 0 0 16 12
1 11092 4 0 0 11 11
1 1834 4 0 0 13 11
1 12576 74 1 1 23 11
1 4316 74 302.71 302.71 16 12
1 8432 74 232.14 232.14 16 12
1 714 2 0.62 0.86 16 12
1 5867 74 20 20 16 12
1 12174 73 59.81 40 16 12
1 5867 74 20 20 16 12
1 4082 74 2 2 17 12
1 4082 74 2 2 17 12
1 11165 74 0.35 0.35 17 12
1 6945 74 0.39 0.39 16 12
1 6989 74 5.61 5.61 21 11
1 11007 73 486.76 318.86 21 11
1 11854 73 1292.13 850 12 11
1 8034 74 15.29 15.29 23 11
1 4267 74 6.92 6.92 12 12
1 11493 28 229.85 229.85 10 12
1 2336 23 1095.87 1504.44 10 12
1 3581 74 1117.45 594.32 10 12
1 9478 74 594.32 594.32 10 12
1 858 2 215 215 10 12
1 8383 73 1.25 1.25 10 12
1 12165 74 250 250 10 12
1 2914 74 30 30 10 12
1 10265 74 0.8 0.8 10 12
1 1492 74 0 0 10 12
1 1492 74 1 1 10 12
1 8712 74 5.3 5.3 18 12
1 1802 1 0 0 16 11
1 1802 1 0 0 16 11
1 1802 1 0 0 16 11
1 6967 74 1.95 1.95 23 11
1 12483 74 242.53 242.53 12 12
1 11722 74 204.01 204.01 12 12
1 9478 74 194.9 194.9 12 12
1 10211 74 10 10 12 12
1 5867 74 20 20 12 12
1 11168 74 0.96 0.96 12 12
1 9467 74 0 0 12 12
1 12437 74 302.49 302.49 12 12
1 11673 74 100 100 23 12
1 5337 26 387.74 5295000 19 12
1 5337 26 1463.62 19987500 19 12
1 5337 26 14.28 195000 19 12
1 11164 74 0 0 19 12
1 4257 74 0.57 0.57 19 12
1 11164 74 0.92 0.92 19 12
1 5326 2 496.43 681.37 12 12
1 5326 2 66.05 90.65 12 12
1 5326 2 546.43 750 12 12
1 5326 2 327.86 450 12 12
1 10770 74 1.77 1.77 13 12
1 1727 4 16856 16856 10 12
1 1728 4 8650 8650 10 12
1 1729 4 18652 18652 11 12
1 10164 16 1.63 1.49 10 11
1 10853 74 0 0 22 12
1 10723 74 0 0 17 11
1 11866 74 437.25 437.25 18 12
1 11340 74 447.22 447.22 19 12
1 10788 74 456.9 456.9 19 12
1 10788 74 456.9 456.9 19 12
1 11413 74 600 600 19 12
1 11413 74 600 600 19 12
1 1325 74 209.95 209.95 19 12
1 714 2 0.64 0.89 19 12
1 5867 74 20 20 19 12
1 8678 74 10 10 19 12
1 11822 74 19 19 19 12
1 11866 74 437.25 437.25 22 12
1 11340 74 447.22 447.22 23 12
1 11164 74 0.27 0.27 16 12
1 1145 4 9878 9878 17 11
1 1145 4 19800.58 19800.58 17 11
1 1145 4 9856.77 9856.77 17 11
1 1145 4 4980.01 4980.01 17 11
1 8195 74 154.94 154.94 20 12
1 203 74 292.31 292.31 12 12
1 9555 74 0 0 12 12
1 12766 74 266.72 266.72 12 12
1 9555 74 528.28 528.28 12 12
1 10211 74 10 10 12 12
1 5867 74 20 20 12 12
1 12147 74 17 17 12 12
1 5867 74 20 20 12 12
1 10747 74 59.25 59.25 12 12
1 10444 74 898.1 898.1 12 12
1 6867 74 0.61 0.61 12 12
1 11572 74 1002.55 1002.55 12 12
1 2136 74 392.01 392.01 12 12
1 10221 74 0 0 23 12
1 10221 74 0 0 23 12
1 9555 74 528.28 528.28 18 12
1 11694 74 105.93 105.93 10 12
1 12378 74 326.74 326.74 11 12
1 12378 74 400 400 11 12
1 14221 74 10.53 10.53 22 12
1 10783 74 100 100 23 12
1 4643 1 0 0 17 9
1 4643 1 0 0 17 9
1 4643 1 0 0 17 9
1 4643 1 0 0 17 9
1 4643 1 0 0 17 9
1 12525 1 10000 10000 17 9
1 10663 74 800 800 10 12
1 10663 74 1.73 1.73 10 12
1 8730 74 300 300 10 12
1 4643 1 0 0 14 7
1 4643 1 0 0 14 7
1 4643 1 0 0 14 7
1 12531 1 5000 5000 14 7
1 1809 74 436.19 436.19 12 12
1 1809 74 436.19 436.19 12 12
1 12381 74 0 0 12 12
1 203 74 292.31 292.31 12 12
1 10211 74 10 10 12 12
1 5867 74 20 20 12 12
1 12147 74 18 18 12 12
1 6823 74 0.44 0.44 12 12
1 2233 74 274.99 274.99 22 12
1 14047 4 10100 10100 10 12
1 14047 4 8500 8500 10 12
1 14047 4 4500 4500 10 12
1 14047 4 2500 2500 10 12
1 14047 4 1200 1200 10 12
1 1928 4 6000 6000 17 12
1 14047 4 0 0 22 12
1 2300 4 4.44 4.44 22 12
1 7078 74 4.63 4.63 13 11
1 1753 73 19.75 12.95 11 11
1 1753 73 19.6 12.95 11 11
1 12426 74 897.49 897.49 11 11
1 12426 74 1006.49 1006.49 11 11
1 12426 74 500 500 11 11
1 10392 2 312.87 413.9 11 11
1 4154 74 14.95 14.95 10 12
1 12039 74 1 1 10 12
1 4775 2 75.3 104.31 11 12
1 3847 2 101.97 141.25 11 12
1 5326 2 144.8 200.58 13 12
1 11233 2 0 0 12 12
1 11537 74 132.3 132.3 14 11
1 10797 74 185.5 185.5 14 11
1 10797 74 185.5 185.5 14 11
1 961 73 336.72 2142 22 11
1 12314 4 1468.8 1468.8 15 12
1 12314 4 1468.8 1468.8 15 12
1 12314 4 1468.8 1468.8 15 12
1 12314 4 1468.8 1468.8 15 12
1 12314 4 1468.8 1468.8 15 12
1 12314 4 1468.8 1468.8 15 12
1 12314 4 1468.8 1468.8 15 12
1 12314 4 1468.8 1468.8 15 12
1 12314 4 1468.8 1468.8 15 12
1 1479 4 30000 30000 16 12
1 1479 1 0 0 16 12
1 1479 4 10000 10000 16 12
1 1486 4 5000 5000 16 12
1 8072 25 4843.97 319900.95 19 11
1 8072 25 48.44 3199 19 11
1 11691 74 1 1 13 11
1 5326 2 244.99 339.37 14 12
1 4244 74 1.9 1.9 12 12
1 5326 2 35.94 50 13 12
1 4697 29 0 0 15 11
1 4697 29 0 0 23 11
1 5326 2 244.99 339.37 14 12
1 4254 74 4.15 4.15 12 12
1 5326 2 35.94 50 13 12
1 2734 4 19980 19980 17 12
1 1515 4 118969 118969 18 12
1 4803 26 286.16 3998000 12 12
1 4245 74 3.17 3.17 12 12
1 10920 74 1.52 1.52 20 11
1 10920 74 1.6 1.6 22 11
1 10920 74 1 1 22 11
1 270 74 96.96 96.96 10 12
1 12080 16 1944.74 1785 21 11
1 2991 74 100 100 13 12
1 2991 74 100 100 13 12
1 4849 27 100 100 13 12
1 1612 74 50 50 13 12
1 2991 74 10 10 13 12
1 4849 27 10 10 13 12
1 2991 74 10 10 13 12
1 4849 27 10 10 13 12
1 8076 74 0 0 23 12
1 8076 74 0 0 15 12
1 7411 74 6.31 6.31 12 12
1 5326 2 35.94 50 13 12
1 8336 18 1857.6 1698 19 12
1 10813 74 1009.9 1009.9 12 12
1 10813 74 1000 1000 12 12
1 10813 74 2.5 2.5 12 12
1 10770 74 1.77 1.77 13 12
1 9662 4 0 0 18 6
1 9662 4 6134.33 6134.33 18 6
1 8327 74 0 0 18 11
1 7267 74 0.92 0.92 18 11
1 11900 31 269.14 32680 14 12
1 8337 70 4628.62 17000 14 12
1 11956 74 100 100 10 11
1 12043 74 7.99 7.99 19 12
1 11674 74 10 10 16 11
1 12728 4 1075.2 1075.2 17 10
1 1738 4 15860 15860 12 12
1 1739 4 12998 12998 12 12
1 1740 4 9860 9860 12 12
1 14079 1 3218 3218 17 11
1 12264 16 482.76 440 23 11
1 12264 16 614.43 560 23 11
1 12264 16 526.65 480 23 11
1 10142 4 0 0 17 11
1 4181 4 0 0 14 11
1 13587 4 24045 24045 15 11
1 4643 1 0 0 13 7
1 4643 1 0 0 13 7
1 4643 1 0 0 13 7
1 12550 1 4931 4931 13 7
1 12550 4 4931 4931 13 7
1 12550 1 2931 2931 13 7
1 12550 1 2931 2931 13 7
1 12550 1 2931 2931 13 7
1 8483 74 3837.55 3837.55 10 12
1 8483 74 1918.78 1918.78 10 12
1 10822 74 1500 1500 10 12
1 4242 74 9.47 9.47 12 12
1 12763 4 8816.29 8816.29 21 1
1 10784 74 2634.78 2634.78 10 12
1 4239 74 5.55 5.55 12 12
1 1148 74 1 1 20 11
1 1137 74 1 1 20 11
1 1137 74 1 1 19 11
1 1137 74 1 1 19 11
1 1536 74 1 1 21 12
1 4895 76 6.75 26 23 12
1 1102 74 1 1 19 12
1 1091 74 1 1 21 12
1 8335 31 81.6 10000 10 11
1 8335 31 81.6 10000 10 11
1 10160 74 345.32 345.32 12 12
1 547 74 269.23 269.23 12 12
1 11722 74 204.01 204.01 12 12
1 11722 74 204.01 204.01 12 12
1 10211 74 10 10 12 12
1 10444 74 898.1 898.1 12 12
1 8504 24 199 133.47 12 12
1 12437 74 492.49 492.49 12 12
1 6812 74 0.89 0.89 12 12
1 7793 1 0 0 14 6
1 4643 1 0 0 14 6
1 7793 1 0 0 14 6
1 5013 1 0 0 16 11
1 8308 73 0.07 0.44 23 11
1 14018 4 1210 1210 11 12
1 4811 74 1 1 19 11
1 1525 74 0 0 20 12
1 1525 74 1 1 20 12
1 8364 73 1.5 1 23 12
1 10278 74 6.69 6.69 17 11
1 4643 4 0 0 17 5
1 14019 4 1499 1499 17 5
1 6245 74 99.95 99.95 11 12
1 2287 74 99.95 99.95 11 12
1 2287 74 99.95 99.95 11 12
1 8325 74 775 775 20 12
1 11844 74 100 100 20 12
1 11844 74 100 100 20 12
1 11844 74 100 100 20 12
1 11844 74 100 100 20 12
1 11844 74 100 100 22 12
1 11844 74 100 100 23 12
1 11844 74 100 100 23 12
1 8507 24 1.51 1 21 12
1 10836 74 289.92 289.92 11 12
1 12001 74 1 1 18 12
1 12001 74 1 1 18 12
1 12001 74 1 1 18 12
1 12001 74 1 1 18 12
1 12001 74 1 1 18 12
1 12001 74 1 1 18 12
1 10322 74 258.85 258.85 17 12
1 4316 74 302.71 302.71 17 12
1 8432 74 232.14 232.14 17 12
1 5328 74 499.99 499.99 17 12
1 703 2 0.59 0.82 17 12
1 5867 74 20 20 17 12
1 11873 66 381.73 2619.24 17 12
1 8057 74 37.46 37.46 17 12
1 4082 74 2 2 17 12
1 4082 74 2 2 17 12
1 4082 74 2 2 17 12
1 3559 62 1 1 17 12
1 11602 74 324.96 324.96 17 12
1 12174 73 59.81 40 17 12
1 5311 38 25 25 17 12
1 12226 74 29.95 29.95 17 12
1 10228 74 257.1 257.1 17 12
1 7856 74 53.4 53.4 17 12
1 12075 46 18.82 319 17 12
1 4717 31 0.01 1 15 11
1 4643 4 0 0 15 4
1 4375 73 27.83 239.51 17 12
1 4375 73 27.65 239.51 17 12
1 3892 73 1 1 21 12
1 3769 62 1.95 1.95 21 12
1 3559 62 1.95 1.95 21 12
1 3892 73 1 1 21 12
1 4624 1 5900 5900 22 2
1 4624 1 2900 2900 22 2
1 4624 1 300 300 22 2
1 945 4 0 0 12 11
1 945 4 0 0 12 11
1 11289 74 0 0 13 11
1 4643 4 0 0 15 12
1 11300 2 0 0 16 12
1 11300 2 1488.02 2049.8 16 12
1 4252 74 1.42 1.42 12 12
1 5326 2 71.88 100 13 12
1 5326 2 35.94 50 13 12
1 5326 2 320.58 445.97 13 12
1 12644 74 527.79 527.79 12 12
1 4349 4 295.2 295.2 16 7
1 10797 74 49.5 49.5 10 12
1 5326 2 220.26 300 16 12
1 10520 2 22.77 31.5 18 12
1 3892 73 1 1 16 12
1 4643 4 0 0 16 5
1 13031 4 0.1 0.1 16 5
1 12314 4 500 500 10 3
1 10433 74 100 100 10 12
1 10433 74 100 100 10 12
1 10433 74 100 100 10 12
1 4643 1 0 0 16 8
1 4643 1 0 0 16 8
1 6922 1 918 918 16 8
1 11140 31 183.49 22430 18 11
1 14089 4 0 0 10 11
1 184 4 9900 9900 10 11
1 9214 1 0 0 10 11
1 11300 2 0 0 16 12
1 11300 2 1488.02 2049.8 16 12
1 11300 2 0 0 16 12
1 11300 2 0 0 16 12
1 4239 74 5.45 5.45 12 12
1 5326 2 320.58 445.97 13 12
1 2731 4 19980 19980 13 12
1 2731 4 19998 19998 13 12
1 2731 4 5637 5637 13 12
1 14018 4 1320 1320 11 12
1 4643 1 0 0 14 5
1 6808 1 0 0 14 5
1 4643 1 0 0 14 5
1 6808 1 0 0 14 5
1 8076 74 0 0 11 11
1 10225 74 15.99 15.99 10 11
1 10225 74 15.99 15.99 10 11
1 10225 74 15.99 15.99 10 11
1 2991 74 100 100 20 11
1 4849 27 100 100 20 11
1 10658 74 780.62 780.62 21 12
1 348 74 1.5 1.5 21 12
1 3847 2 109.61 150.99 11 12
1 3836 2 0 0 13 12
1 5326 2 320.58 445.97 13 12
1 4643 4 0 0 23 4
1 8314 74 59.75 59.75 13 12
1 4255 74 1.93 1.93 12 12
1 2572 4 3000 3000 14 12
1 2523 4 11560 11560 14 12
1 2523 4 14450 14450 14 12
1 2523 4 8670 8670 14 12
1 2523 4 5780 5780 14 12
1 2523 4 2890 2890 14 12
1 9214 1 0 0 21 12
1 9214 1 0 0 10 12
1 10677 74 20.93 20.93 22 11
1 8516 74 181.58 181.58 10 12
1 2286 74 10.25 10.25 11 12
1 14089 4 0 0 11 12
1 343 4 19850 19850 11 12
1 2475 4 19986 19986 11 12
1 2495 4 19985 19985 11 12
1 2495 4 10500 10500 11 12
1 2495 4 9850 9850 11 12
1 12079 73 34.58 268 23 12
1 10262 74 0.51 0.51 12 11
1 12005 73 676.05 676.05 10 11
1 1999 73 2827.43 21911.46 13 12
1 1999 73 2743.49 21260.9 13 12
1 4349 4 2754 2754 11 12
1 11322 62 3 3 18 12
1 9045 27 593.37 593.37 13 12
1 4239 74 1.64 1.64 12 12
1 5404 4 2280 2280 19 12
1 4643 4 0 0 23 3
1 9662 4 0 0 17 12
1 5479 1 0 0 15 12
1 5479 1 0 0 15 12
1 5854 1 2000 2000 16 12
1 11583 71 913.39 2650 22 12
1 12188 73 83.82 55.4 17 11
1 12188 73 253.15 88.32 13 11
1 12188 73 119.33 78.95 13 11
1 12188 73 119.66 79.17 13 11
1 12188 73 119.66 79.17 13 11
1 12188 73 118.92 78.68 13 11
1 12188 73 125.92 83.31 13 11
1 12188 73 125.63 83.12 13 11
1 12188 73 119.66 79.17 13 11
1 12188 73 120.87 80.19 20 12
1 12188 73 119.7 78.95 21 12
1 12188 73 119.29 78.68 21 12
1 12188 73 119.29 78.68 22 12
1 12368 74 462.99 462.99 10 12
1 5054 74 35.3 35.3 20 12
1 4643 4 0 0 23 12
1 3892 73 1 1 18 12
1 3769 62 1.95 1.95 18 12
1 3769 62 1.95 1.95 18 12
1 3892 73 1 1 18 12
1 11932 31 284.23 34745 17 11
1 12314 4 1300 1300 22 10
1 12314 4 1500 1500 22 10
1 12314 4 245 245 14 10
1 4673 55 2.25 2.25 20 11
1 11666 74 1.5 1.5 12 12
1 11358 16 423.84 398.39 21 11
1 5157 2 37.72 51.96 10 12
1 303 74 1.5 1.5 10 11
1 303 74 1.5 1.5 10 11
1 5239 74 40 40 19 12
1 4115 4 2970 2970 14 11
1 12319 4 2970 2970 15 11
1 8956 74 4.64 4.64 22 12
1 5297 41 762.66 500 13 12
1 2773 4 0 0 16 11
1 8257 74 1 1 13 11
1 2773 4 0 0 23 11
1 2773 4 0 0 23 11
1 9915 4 0 0 19 12
1 4191 40 0 0 19 12
1 4191 40 0 0 19 12
1 2773 4 0 0 21 12
1 11311 5 1.22 40 21 11
1 12302 73 1.52 1 10 11
1 8076 74 0 0 20 11
1 9907 4 0 0 16 11
1 9907 4 0 0 16 11
1 9907 4 0 0 16 11
1 9907 4 0 0 17 11
1 9907 4 0 0 17 11
1 9899 4 0 0 23 11
1 9935 4 0 0 11 11
1 2773 4 0 0 12 11
1 8257 74 1 1 13 11
1 2773 4 0 0 19 12
1 2773 4 0 0 21 12
1 5051 76 2.38 8.79 10 11
1 8466 76 2.38 8.79 10 11
1 4255 74 9.8 9.8 12 12
1 4779 2 1199.14 1661.1 12 12
1 4779 2 1199.14 1661.1 12 12
1 11233 2 0 0 12 12
1 4697 29 0 0 15 11
1 4697 29 0 0 23 11
1 4697 29 0 0 23 11
1 10663 74 800 800 10 12
1 8349 28 25 25 21 11
1 13088 74 1 1 23 12
1 14013 4 0 0 19 12
1 2715 1 29880 29880 20 12
1 2397 4 2520 2520 10 12
1 4897 76 19.96 75 21 12
1 4897 76 19.91 75 17 12
1 4897 76 19.06 75 20 12
1 2471 4 9850 9850 17 11
1 5140 76 12.97 50 17 12
1 5140 76 7.78 30 17 12
1 5140 76 15.57 60 17 12
1 5140 76 12.97 50 18 12
1 5140 76 12.97 50 18 12
1 5140 76 13.75 53 18 12
1 10659 74 1003.27 1003.27 10 12
1 1969 74 1.09 1.09 11 12
1 8061 4 8800 8800 14 12
1 8061 4 8800 8800 14 12
1 1909 4 0 0 12 11
1 1911 4 0 0 13 11
1 1732 4 16500 16500 11 12
1 1733 4 14980 14980 11 12
1 1735 4 16590 16590 11 12
1 2583 4 19856 19856 11 12
1 10709 74 0 0 10 11
1 8784 74 0 0 20 12
1 9925 4 0 0 11 11
1 9935 4 0 0 19 11
1 9935 4 0 0 19 11
1 9940 4 0 0 12 11
1 9901 4 0 0 12 11
1 6522 4 0 0 21 12
1 2773 4 0 0 19 12
1 5213 16 5382.45 5000 10 11
1 5578 16 915.02 850 10 11
1 5578 16 915.02 850 20 11
1 11184 18 21.93 19.95 22 12
1 8343 74 0 0 22 11
1 14013 1 0 0 19 12
1 14013 1 0 0 19 12
1 2476 4 15050 15050 20 11
1 1069 74 159 159 17 12
1 3165 4 0 0 18 11
1 10243 74 105.23 105.23 12 12
1 10243 74 0 0 12 12
1 2102 2 187.73 187.73 12 12
1 12348 74 262.35 262.35 12 12
1 10160 74 345.32 345.32 12 12
1 12483 74 242.53 242.53 12 12
1 5867 74 20 20 12 12
1 10211 74 10 10 12 12
1 7167 74 0.89 0.89 12 12
1 10747 74 59.25 59.25 12 12
1 2102 2 187.73 187.73 23 12
1 4318 4 498.74 498.74 11 10
1 4318 4 498.74 498.74 11 10
1 4318 4 498.74 498.74 11 10
1 4318 4 498.74 498.74 11 10
1 4318 4 498.74 498.74 11 10
1 4318 4 498.74 498.74 11 10
1 4318 4 498.74 498.74 11 10
1 4318 4 498.74 498.74 11 10
1 4318 4 498.74 498.74 11 10
1 4318 4 498.74 498.74 11 10
1 4112 4 99 99 16 10
1 4115 4 5888 5888 16 10
1 4115 4 6088 6088 16 10
1 4115 4 8576 8576 16 10
1 14086 4 14899 14899 17 11
1 3165 4 0 0 17 11
1 12482 74 5 5 15 12
1 9378 74 5.27 5.27 16 12
1 4811 74 1 1 19 11
1 8642 73 29 29 15 12
1 10920 74 1.2 1.2 10 11
1 10920 74 1.2 1.2 10 11
1 4803 26 286.16 3998000 12 12
1 4246 74 7.85 7.85 12 12
1 4287 74 393.75 393.75 17 11
1 4287 74 393.75 393.75 17 11
1 4287 74 393.75 393.75 17 11
1 4287 74 393.75 393.75 17 11
1 3165 4 0 0 17 12
1 3165 4 0 0 17 12
1 4254 74 0 0 20 12
1 4262 74 0 0 20 12
1 4261 74 0 0 22 12
1 4265 74 0 0 22 12
1 4272 74 0 0 18 12
1 14194 1 100 100 10 11
1 14194 1 0.01 0.01 10 11
1 9100 48 29.99 29.99 11 12
1 8393 48 29.99 29.99 11 12
1 4260 74 3.87 3.87 16 12
1 8598 74 0 0 16 12
1 5140 76 5.59 21.54 19 12
1 5140 76 5.59 21.54 19 12
1 1802 4 0 0 16 11
1 14089 4 0 0 16 12
1 4873 21 129.04 1000 12 11
1 6978 74 6.32 6.32 13 11
1 6978 74 6.27 6.27 13 11
1 5316 74 10 10 13 11
1 4154 74 1 1 19 11
1 5009 74 0 0 12 12
1 5009 74 2 2 12 12
1 2555 4 18000 18000 16 12
1 9214 1 0 0 16 12
1 12525 1 10000 10000 16 7
1 4527 1 4000 4000 13 11
1 14158 1 10000 10000 11 11
1 1467 1 5100 5100 15 11
1 1467 1 5000 5000 15 11
1 12668 1 1000 1000 17 12
1 2300 1 1000 1000 23 12
1 2300 1 8000 8000 23 12
1 2300 1 1.11 1.11 23 12
1 10444 6 726.3 726.3 10 12
1 4643 4 0 0 14 6
1 1800 4 1991 1991 14 6
1 4643 4 0 0 14 6
1 1800 4 1991 1991 14 6
1 1800 4 1991 1991 14 6
1 4643 4 0 0 14 6
1 1800 4 1991 1991 14 6
1 4643 4 0 0 14 6
1 1800 4 1991 1991 14 6
1 4643 4 0 0 14 6
1 1800 4 1991 1991 14 6
1 1800 4 1991 1991 14 6
1 4643 4 0 0 14 6
1 1800 4 1991 1991 14 6
1 1800 4 1991 1991 14 6
1 4643 4 0 0 14 6
1 1800 4 1991 1991 14 6
1 2173 1 0 0 17 11
1 2173 1 0 0 17 11
1 2173 1 0 0 17 11
1 1148 74 1 1 20 11
1 1091 74 1 1 20 12
1 5326 2 201.96 279.76 10 12
1 4241 74 8.84 6.19 12 12
1 4643 1 0 0 13 6
1 4643 1 0 0 13 6
1 4643 1 0 0 13 6
1 12550 1 9983 9983 13 6
1 7793 1 0 0 10 6
1 4643 1 0 0 10 6
1 7793 1 0 0 10 6
1 2322 4 5220 5220 16 12
1 5326 2 201.96 279.76 10 12
1 5326 2 180.47 250 10 12
1 5326 2 62.91 87.15 10 12
1 4255 74 4.73 4.73 12 12
1 7793 1 0 0 10 6
1 9478 74 412.45 412.45 11 12
1 3847 2 2051.85 2804.95 11 12
1 3847 2 2051.85 2804.95 11 12
1 9478 74 412.45 412.45 11 12
1 7256 74 7.57 7.57 11 12
1 8363 74 50.5 50.5 12 12
1 9145 29 229.06 209.8 20 12
1 1003 74 1595 1595 17 11
1 10732 74 0 0 17 11
1 4809 74 110 110 17 11
1 1481 74 51.93 51.93 17 11
1 4939 27 49.99 49.99 17 11
1 8420 74 86 85 17 11
1 8497 24 4.52 4.25 17 11
1 3559 62 1 1 17 11
1 8415 73 1.06 1 17 11
1 1325 74 64 64 17 11
1 5332 36 10 10 17 11
1 9478 74 40.8 40.8 17 11
1 5266 74 34.44 1624.56 17 11
1 9500 74 32.19 44.44 17 11
1 8310 74 1 1 17 11
1 9500 74 32.19 44.44 17 11
1 11981 74 152.41 152.41 17 11
1 10099 65 244.65 229.96 17 11
1 11053 66 4.59 40 17 11
1 11189 18 1.07 4 17 11
1 10680 74 535 535 17 11
1 2080 2 0 0 17 11
1 2080 2 0.75 1 17 11
1 2191 74 238.4 238.4 17 11
1 8505 24 1080.61 714.95 17 11
1 11078 74 262.75 262.75 17 11
1 3559 62 1 1 17 11
1 5016 74 34.07 34.07 17 11
1 10231 74 49.95 49.95 17 11
1 2293 2 53.98 71.73 17 11
1 8533 74 14.44 14.44 17 11
1 8600 74 265.69 265.69 17 11
1 2259 74 0.01 0.01 17 11
1 5945 26 10.23 140500 18 11
1 7590 74 1 1 20 12
1 10278 74 6.69 6.69 18 12
1 5945 26 10.23 140500 18 11
1 5945 26 10.23 140500 18 11
1 3165 4 0 0 10 11
1 1319 4 7954 7954 10 11
1 5326 2 33.93 47 10 12
1 5326 2 62.91 87.15 10 12
1 4255 74 8.93 8.93 12 12
1 5326 2 320.58 445.97 13 12
1 10663 74 1000 1000 10 12
1 5326 2 62.91 87.15 10 12
1 4244 74 1.41 1.41 12 12
1 4253 74 2.62 2.62 12 12
1 5326 2 320.58 445.97 13 12
1 8319 73 3.58 2.35 23 11
1 8319 73 3.58 2.35 18 11
1 11418 73 605.01 397 21 11
1 10673 74 2000 2000 11 12
1 12642 74 1.64 1.64 11 12
1 10761 74 1.57 1.57 11 12
1 10770 74 1.77 1.77 13 12
1 9478 74 0.01 0.01 10 11
1 9478 74 0.01 0.01 10 11
1 3892 73 1 1 23 11
1 7111 74 19.11 19.11 23 11
1 1798 1 0 0 12 11
1 1798 4 0 0 12 11
1 1798 1 0 0 12 11
1 6578 4 0 0 12 12
1 5211 62 268.5 376.64 10 12
1 8262 62 167.81 235.4 11 12
1 4643 4 0 0 23 2
1 13710 4 0 0 10 12
1 9282 4 0 0 10 12
1 6689 4 0 0 12 12
1 5922 4 0 0 15 12
1 5922 4 0 0 15 12
1 4214 4 0 0 14 12
1 12952 4 50000 50000 16 12
1 12951 4 41000 41000 16 12
1 178 4 50000 50000 16 12
1 8321 4 3000 3000 16 12
1 8321 4 2000 2000 16 12
1 8321 4 1000 1000 16 12
1 3165 4 0 0 19 12
1 4682 1 0.04 0.04 19 12
1 4140 4 0 0 16 12
1 4643 4 0 0 15 4
1 14018 4 19878 19878 15 4
1 4422 4 1 1 10 8
1 4763 2 0 0 23 11
1 8120 2 54.14 75 11 12
1 7311 74 0 0 12 11
1 7023 74 5.28 5.28 22 11
1 13278 74 1309.79 1309.79 11 12
1 13278 74 675 675 11 12
1 13088 74 1 1 23 12
1 4422 4 1 1 15 7
1 8425 74 23.18 23.18 10 11
1 8502 74 27.85 27.85 10 11
1 14218 4 0 0 19 11
1 9938 4 49753 49753 19 11
1 2943 4 9869 9869 19 11
1 1600 4 0 0 14 12
1 4240 74 3.16 3.16 12 12
1 6365 4 0 0 11 11
1 4643 4 0 0 17 3
1 4254 74 3.1 3.1 12 12
1 4244 74 6.64 6.64 12 12
1 11233 2 0 0 12 12
1 4779 2 1199.14 1661.1 12 12
1 4779 2 1199.14 1661.1 12 12
1 11300 2 3434.76 4757.97 13 12
1 5326 2 320.58 445.97 13 12
1 11612 73 0.15 0.1 21 11
1 2773 4 0 0 19 11
1 2917 4 3311 3311 20 11
1 204 4 6580 6580 11 11
1 8656 74 866 866 23 11
1 8656 74 966 966 23 11
1 8656 74 966 966 23 11
1 8656 74 966 966 23 11
1 4643 4 0 0 10 4
1 13029 4 0.01 0.01 10 4
1 11161 48 332.18 2151 23 12
1 10663 74 1.73 1.73 10 12
1 5326 2 320.58 445.97 13 12
1 10758 74 254.95 254.95 10 12
1 2348 74 3.41 3.41 12 12
1 2348 74 3.41 3.41 12 12
1 12496 74 2.5 2.5 11 11
1 10663 74 1000 1000 10 12
1 10673 74 2000 2000 11 12
1 10673 74 490.49 490.49 11 12
1 10761 74 1.57 1.57 11 12
1 10770 74 1.77 1.77 13 12
1 4422 4 5000 5000 17 1
1 10094 65 39.99 39.99 22 11
1 12302 73 1.53 1 21 11
1 4252 74 0.31 0.31 16 12
1 9668 4 0 0 15 11
1 11953 4 0 0 19 11
1 892 74 1924.93 1924.93 23 12
1 10100 74 53.5 53.5 23 12
1 8348 60 2612.65 9800 17 12
1 4239 74 9.1 9.1 12 12
1 13478 74 132 132 14 12
1 13478 74 132 132 14 12
1 6809 1 0 0 15 9
1 1126 74 5.95 5.95 12 12
1 8250 74 85 85 12 12
1 1370 74 0 0 12 12
1 1370 74 1 1 12 12
1 8310 74 42.91 60.83 12 12
1 11157 62 6.49 4.99 12 12
1 12142 74 67.94 67.94 12 12
1 5092 74 83.69 115.6 12 12
1 8502 74 214.67 46 12 12
1 9478 74 48.68 48.68 12 12
1 10129 74 70.43 70.43 12 12
1 12142 74 473.62 473.62 12 12
1 8302 73 7.5 7.5 12 12
1 1559 74 0 0 12 12
1 11980 74 234.06 234.06 12 12
1 9478 74 1 1 12 12
1 9467 74 0 0 12 12
1 8299 12 5.43 70 12 12
1 292 74 211.99 211.99 12 12
1 11181 74 274.95 29.95 12 12
1 2991 74 7.49 7.49 12 12
1 12128 74 174.65 7.49 12 12
1 8394 74 194.96 193.96 12 12
1 10627 74 21.68 21.68 12 12
1 8656 74 1133.3 752.24 12 12
1 8302 73 7.5 7.5 12 12
1 10467 74 296.9 296.9 12 12
1 10812 74 175 175 12 12
1 12133 74 697.05 697.05 12 12
1 8201 74 0 0 12 12
1 10797 74 865.56 865.56 12 12
1 10645 74 150.5 2 12 12
1 10797 74 865.56 865.56 12 12
1 8502 74 600 600 12 12
1 9977 74 234.99 234.99 12 12
1 11979 74 169.82 169.82 12 12
1 11200 18 0 0 12 12
1 10696 74 48.66 48.66 12 12
1 11089 74 168.99 168.99 12 12
1 8310 74 1 1 12 12
1 10129 74 397.38 397.38 12 12
1 10690 74 32.06 32.06 12 12
1 12125 74 29.74 29.74 12 12
1 12422 74 0 0 12 12
1 11134 49 17.8 25.83 12 12
1 10692 74 22.36 22.36 12 12
1 8329 74 593.69 380.99 12 12
1 11134 49 17.8 25.83 12 12
1 1559 74 0 0 12 12
1 9478 74 1 1 12 12
1 12120 74 28.09 28.09 12 12
1 8299 12 5.43 70 12 12
1 2136 74 60.9 60.9 12 12
1 10129 74 25 25 12 12
1 10704 74 0 0 12 12
1 12283 74 61.33 1052 12 12
1 8646 74 0 0 12 12
1 4273 74 2.76 2.76 12 12
1 10129 74 381.05 381.05 12 12
1 10725 74 129.18 129.18 12 12
1 11979 74 206.85 206.85 12 12
1 11979 74 89.98 89.98 12 12
1 11333 21 0 0 13 12
1 13087 73 122.3 122.3 13 12
1 10625 74 44.36 44.36 13 12
1 8178 23 0 0 14 11
1 8785 74 340.91 340.91 16 12
1 8563 74 0 0 16 12
1 5867 74 20 20 16 12
1 714 2 0.37 0.51 16 12
1 11907 74 4.98 4.98 16 12
1 11152 48 24.95 24.95 16 12
1 3559 62 1 1 16 12
1 10129 74 397.38 397.38 16 12
1 8273 74 984.99 984.99 16 12
1 3559 74 2 1 16 12
1 13611 74 95.87 95.87 16 12
1 10471 74 14.98 14.98 16 12
1 11461 74 270 270 16 12
1 8420 74 1 1 16 12
1 1303 74 1 1 16 12
1 4088 74 68.23 68.23 16 12
1 10125 29 0.01 0.01 16 12
1 10265 74 421.91 421.18 16 12
1 11211 74 0 0 16 12
1 1181 74 42.97 42.97 16 12
1 12193 13 0.12 1 16 12
1 10159 31 0 0 18 12
1 10159 31 0 0 18 12
1 8076 74 0.05 0.05 10 12
1 8076 74 0.1 0.1 11 12
1 8076 74 0.1 0.1 12 12
1 4643 1 0 0 17 5
1 4643 1 0 0 17 5
1 4643 1 0 0 17 5
1 6922 1 495 495 17 5
1 10665 74 2000 2000 10 11
1 10648 74 500 500 11 11
1 8314 74 1.2 1.2 21 11
1 2879 4 49.9 49.9 11 4
1 10866 74 1 1 11 11
1 6967 74 4.59 4.59 11 11
1 7023 74 11.14 11.14 11 11
1 11653 4 0 0 15 11
1 11651 4 0 0 15 11
1 7414 4 990 990 15 11
1 7414 4 500 500 15 11
1 7414 4 10 10 15 11
1 1802 4 0 0 22 11
1 3165 4 0 0 16 11
1 3165 4 0 0 12 11
1 12414 4 0 0 14 11
1 12412 4 0 0 14 11
1 3165 4 0 0 18 11
1 3165 4 0 0 19 11
1 14158 4 20000 20000 11 11
1 14158 4 5000 5000 11 11
1 14158 4 5000 5000 11 11
1 14158 4 5000 5000 11 11
1 14158 4 3000 3000 11 11
1 12895 4 10000 10000 17 12
1 14047 4 0 0 23 12
1 14227 4 27685 27685 14 12
1 14227 4 9866 9866 14 12
1 14227 4 6420 6420 14 12
1 2491 4 10000 10000 18 12
1 2491 4 6000 6000 18 12
1 2491 4 14000 14000 18 12
1 2491 4 8000 8000 18 12
1 2491 4 3000 3000 18 12
1 200 4 3000 3000 18 12
1 200 4 1000 1000 18 12
1 332 4 25437 25437 15 12
1 334 4 9857 9857 15 12
1 4868 27 205.7 205.7 20 11
1 12314 4 100 100 15 12
1 2496 1 1 1 13 12
1 2496 4 1 1 13 12
1 13289 74 1000.98 1000.98 17 11
1 5934 74 3672.4 3672.4 18 11
1 4643 1 0 0 14 7
1 9723 4 30450 30450 17 12
1 10676 74 936.65 936.65 12 11
1 6000 41 2193.47 9389 19 11
1 7956 41 0.21 0.9 19 11
1 3518 4 6000 6000 19 12
1 3518 1 0 0 19 12
1 3518 1 0 0 19 12
1 5214 16 926.32 850 20 11
1 11351 16 59.94 55 20 11
1 11790 16 22.89 21 20 11
1 7400 74 7.8 7.8 23 11
1 4648 25 1499.76 1e+05 23 12
1 9622 74 1119.12 1119.12 11 12
1 6134 74 222.92 222.92 12 12
1 12335 74 21.26 21.26 13 12
1 11689 74 2 2 10 12
1 4643 1 0 0 12 7
1 12550 1 19923 19923 12 7
1 12550 4 19923 19923 12 7
1 4420 4 3000 3000 14 4
1 10179 37 14.95 14.95 13 11
1 11470 74 393.36 393.36 14 11
1 12314 4 100 100 15 12
1 5336 26 513.45 6999750 19 12
1 6167 26 1173.65 15999995 19 12
1 5336 26 579.45 7899500 19 12
1 8689 76 8.43 31.99 21 12
1 8689 76 8.43 31.99 21 12
1 8689 76 8.43 31.99 21 12
1 10673 74 2000 2000 11 12
1 10673 74 490.49 490.49 11 12
1 12642 74 1.64 1.64 11 12
1 10761 74 1.57 1.57 11 12
1 8344 74 9.41 9.41 12 12
1 10986 74 9.41 9.41 12 12
1 10770 74 1.77 1.77 13 12
1 2650 4 10000 10000 11 11
1 13088 74 1 1 23 12
1 4863 69 4778.73 171000 12 11
1 5263 69 4778.73 171000 12 11
1 4643 4 0 0 12 12
1 3892 73 1 1 20 12
1 3892 73 1 1 20 12
1 12301 74 0 0 20 12
1 4643 1 0 0 13 7
1 4643 1 0 0 13 7
1 4643 1 0 0 13 7
1 12550 1 19951 19951 13 7
1 12550 4 19951 19951 13 7
1 6809 1 1530 1530 17 8
1 6809 4 1530 1530 17 8
1 8576 74 206.95 206.95 13 12
1 10900 74 35 35 12 12
1 6122 74 4.74 4.74 19 11
1 4318 4 1999 1999 16 9
1 4318 4 1000 1000 16 9
1 4318 4 1999 1999 16 9
1 4643 4 0 0 17 9
1 13260 4 4982 4982 17 9
1 4643 4 0 0 17 9
1 13260 4 1007 1007 17 9
1 5017 74 2862 2862 15 11
1 4643 4 0 0 19 7
1 11345 74 468.6 468.6 11 11
1 12603 74 225.29 225.29 11 11
1 12511 74 16 16 11 11
1 5320 65 602.06 564 11 11
1 12359 74 1 1 11 11
1 12043 74 7.99 7.99 11 11
1 11528 74 7.99 7.99 11 11
1 10259 74 0.96 0.96 11 11
1 11151 48 1 1 11 11
1 10246 74 1 1 11 11
1 10246 74 1 1 11 11
1 4643 4 0 0 14 5
1 10786 74 500 500 11 12
1 13036 4 0 0 22 12
1 10144 1 0 0 20 12
1 12647 1 0 0 14 11
1 12647 4 0 0 14 11
1 271 4 19999 19999 18 11
1 271 4 19998 19998 18 11
1 271 4 9989 9989 18 11
1 12527 1 0 0 13 5
1 4643 1 0 0 13 5
1 4643 1 0 0 13 5
1 2069 74 1.08 1 17 11
1 9245 43 1.08 1 17 11
1 6797 4 103.5 103.5 17 11
1 2069 74 1.08 1 17 11
1 9245 43 26.99 24.95 17 11
1 7011 74 6.72 6.72 17 11
1 9245 43 43.22 39.95 17 11
1 9222 48 43.22 39.95 17 11
1 4643 4 0 0 15 7
1 10198 31 0.02 2 14 11
1 10911 64 297.22 4230 21 11
1 11145 49 8.45 12.5 17 12
1 4862 69 1039.25 37500 12 12
1 4862 69 1039.25 37500 23 12
1 4718 69 1039.25 37500 23 12
1 4862 69 347.19 12500 14 12
1 4718 69 347.19 12500 14 12
1 4643 1 0 0 15 4
1 4489 4 9865 9865 15 12
1 8431 74 308.48 308.48 19 12
1 8431 74 308.48 308.48 19 12
1 725 2 0.4 0.56 19 12
1 5867 74 20 20 19 12
1 9478 74 55.19 55.19 19 12
1 8681 74 0 0 19 12
1 11540 74 88 88 19 12
1 9478 74 329.95 329.95 19 12
1 11555 74 250.97 250.97 19 12
1 5061 74 496.57 496.57 19 12
1 8382 73 6.06 4.05 19 12
1 3892 73 1 1 19 12
1 4941 27 0 0 19 12
1 11563 74 89.99 89.99 19 12
1 11333 21 0 0 19 12
1 1370 74 0 0 19 12
1 10248 74 50.97 48.97 19 12
1 4944 27 27.49 27.49 19 12
1 10249 74 146.16 146.16 19 12
1 10129 74 488.85 488.85 19 12
1 3614 73 1 1 19 12
1 10704 74 0 0 19 12
1 10704 74 129.99 129.99 19 12
1 9478 74 139.13 139.13 19 12
1 10095 73 83.99 83.99 19 12
1 11211 74 0 0 19 12
1 11541 74 105.97 105.97 19 12
1 11166 74 0.37 0.37 19 12
1 11160 48 27.78 38.48 19 12
1 8307 73 44.76 29.94 19 12
1 10128 74 79.96 79.96 19 12
1 1381 74 372.14 372.14 19 12
1 1858 74 135.47 135.47 10 11
1 10783 74 10 10 23 11
1 4643 4 0 0 18 1
1 6916 4 490 490 18 1
1 4112 4 491.5 491.5 18 1
1 6916 4 494 494 18 1
1 6916 4 490 490 18 1
1 6916 4 491.5 491.5 18 1
1 4115 4 494 494 18 1
1 4115 4 490 490 18 1
1 4115 4 491.5 491.5 18 1
1 2719 4 4560 4560 14 11
1 2493 4 20000 20000 18 11
1 2586 4 6400 6400 18 11
1 3165 4 0 0 12 11
1 12415 4 0 0 11 11
1 12409 4 0 0 15 11
1 3165 4 0 0 19 11
1 4673 55 2.84 2.84 23 12
1 4673 55 2.98 2.98 23 12
1 11965 74 64.47 64.47 11 12
1 11965 74 52.63 52.63 11 12
1 8745 74 1.29 1.29 12 12
1 3169 74 7.94 7.94 15 12
1 3169 74 7.94 7.94 15 12
1 8314 74 1.99 1.99 22 12
1 8329 74 0 0 11 11
1 8306 74 0 0 14 11
1 5033 74 1 1 19 11
1 8449 73 2.99 2.99 18 11
1 11362 10 2.99 2.99 18 11
1 1325 74 74.99 74.99 21 11
1 1325 74 119.99 119.99 21 11
1 13522 74 41.36 41.36 13 11
1 13522 74 41.36 41.36 13 11
1 13522 74 41.36 41.36 13 11
1 13522 74 41.36 41.36 13 11
1 13522 74 41.36 41.36 13 11
1 10663 74 800 800 10 12
1 11359 74 510.92 510.92 22 11
1 11359 74 510.92 510.92 17 12
1 11376 74 21.14 21.14 12 11
1 7734 74 12.2 12.2 15 11
1 12583 1 50 50 23 8
1 12583 1 50 50 23 8
1 4643 1 0 0 23 8
1 4643 1 0 0 23 8
1 5307 17 2.76 300 22 12
1 9478 74 295.91 295.91 16 12
1 9478 74 373.78 373.78 16 12
1 8563 74 0 0 16 12
1 714 2 0.4 0.56 16 12
1 5867 74 20 20 16 12
1 11152 48 24.95 24.95 16 12
1 9982 74 594.83 374.94 16 12
1 5033 74 1 1 16 12
1 10914 74 540 540 16 12
1 1181 74 42.97 42.97 16 12
1 8325 74 421.18 421.18 16 12
1 4088 74 338.23 68.23 16 12
1 9478 74 172.7 172.7 16 12
1 8201 74 0 0 16 12
1 3559 62 1 1 16 12
1 8537 23 50 50 16 12
1 10471 74 14.98 14.98 16 12
1 11152 48 49.95 49.95 16 12
1 7845 74 805.68 805.68 16 12
1 4672 55 21.68 19.93 16 12
1 8645 75 0 0 16 12
1 1237 74 192 192 16 12
1 11152 48 10.13 134.12 16 12
1 10125 29 0.01 0.01 16 12
1 12031 74 167.48 167.48 16 12
1 11986 74 60 60 16 12
1 758 74 109.95 109.95 16 12
1 10129 74 659.62 659.62 16 12
1 10234 74 1005.12 1005.12 16 12
1 7289 74 0.22 0.22 16 12
1 12199 74 0 0 16 12
1 8458 27 9.52 6.37 16 12
1 12184 74 0 0 16 12
1 10173 16 1.09 1 16 12
1 9690 1 0 0 16 12
1 11183 18 24.95 24.95 17 12
1 9200 18 24.95 24.95 17 12
1 4580 24 24.95 24.95 17 12
1 4802 26 1412.04 19283770 11 11
1 12443 74 1 1 18 11
1 4763 2 0 0 15 11
1 8674 4 12000 12000 20 11
1 8674 4 12000 12000 20 11
1 10732 74 0 0 10 11
1 95 4 170000 170000 18 11
1 95 4 170000 170000 18 11
1 177 4 3900 3900 16 11
1 1437 4 0 0 13 11
1 9453 4 0 0 10 12
1 14018 4 2080 2080 10 12
1 13088 74 1 1 23 12
1 4627 31 0 0 20 12
1 12319 4 3000 3000 23 4
1 4419 4 2000 2000 23 4
1 10120 4 0 0 19 11
1 10120 4 0 0 19 11
1 10120 4 3000 3000 19 11
1 3905 4 11934 11934 19 11
1 5879 4 0 0 19 11
1 5879 4 5000 5000 19 11
1 5879 4 5000 5000 19 11
1 6689 4 0 0 20 11
1 11190 18 39.95 39.95 20 11
1 12186 39 49.95 49.95 18 11
1 11190 18 39.95 39.95 19 12
1 10392 2 317.12 419.53 11 11
1 10392 2 312.87 413.9 11 11
1 10665 74 2000 2000 10 11
1 10648 74 500 500 11 11
1 10723 74 0 0 16 11
1 10129 74 585 585 11 11
1 4237 74 8.6 8.6 19 12
1 4237 74 5.13 5.13 19 12
1 4238 74 3.3 3.3 21 12
1 4418 4 3000 3000 23 3
1 4418 4 2000 2000 23 3
1 4419 4 2000 2000 12 3
1 4419 4 300 300 16 4
1 8431 74 308.48 308.48 19 12
1 8431 74 308.48 308.48 19 12
1 8684 74 414 414 19 12
1 8684 74 414 414 19 12
1 5139 74 450 450 19 12
1 5139 74 450 450 19 12
1 2221 74 614.45 614.45 19 12
1 5139 74 450 450 19 12
1 5139 74 450 450 19 12
1 1003 74 535 535 19 12
1 5867 74 20 20 19 12
1 11555 74 250.97 250.97 19 12
1 9478 74 329.95 329.95 19 12
1 8647 23 82.13 114 19 12
1 11871 73 101 100 19 12
1 8783 73 100 100 19 12
1 3614 73 1 1 19 12
1 11211 74 0 0 19 12
1 11183 74 84.21 58.26 19 12
1 8302 73 9 9 19 12
1 9200 18 24.95 24.95 19 12
1 10095 74 258.77 83.99 19 12
1 4580 24 24.95 24.95 19 12
1 11152 73 5.05 2.8 19 12
1 9478 74 325 325 19 12
1 1170 74 0 0 19 12
1 11981 74 161.11 161.11 19 12
1 8580 16 53.84 49.5 19 12
1 12052 73 15.07 10.08 19 12
1 6245 74 12.95 12.95 19 12
1 10968 18 129.98 119.5 19 12
1 12185 39 89.62 59.94 19 12
1 12185 74 117 115.5 19 12
1 4673 73 89.32 79.97 19 12
1 4940 74 238.53 79.97 19 12
1 3224 74 0 0 19 12
1 3892 73 1 1 19 12
1 8307 73 45.76 29.94 19 12
1 11563 74 176.97 89.99 19 12
1 4940 27 86.98 79.97 19 12
1 8752 74 84.1 84.1 19 12
1 10229 74 4.99 4.99 19 12
1 1025 74 1 1 19 12
1 11168 74 0.81 0.81 19 12
1 10248 74 56.6 56.6 19 12
1 8356 74 39.99 39.99 19 12
1 11152 48 5 5 19 12
1 2136 74 102.95 102.95 19 12
1 8647 23 82.13 114 19 12
1 11152 48 5 5 19 12
1 8251 74 59.99 59.99 19 12
1 3559 62 1 1 19 12
1 4818 74 157.98 157.98 19 12
1 3614 73 1 1 19 12
1 12488 74 10.79 7.22 19 12
1 5016 74 4 4 17 12
1 12185 39 89.01 59.94 18 12
1 10112 29 67.66 431.71 17 11
1 10112 29 299.6 278.8 18 11
1 1613 59 1.86 120 23 11
1 14052 4 11400 11400 23 11
1 14052 4 9800 9800 23 11
1 14052 4 4900 4900 23 11
1 272 4 9600 9600 16 11
1 272 4 1800 1800 16 11
1 1798 4 0 0 13 11
1 2720 4 13 13 13 11
1 191 4 19957 19957 15 11
1 191 4 9806 9806 15 11
1 4797 23 35.81 50 10 11
1 8378 25 1.5 100 20 12
1 4643 1 0 0 23 12
1 4643 1 0 0 23 12
1 4643 1 0 0 23 12
1 4643 1 0 0 23 12
1 6914 1 19998 19998 23 12
1 6914 4 19990 19990 23 12
1 6914 1 19998 19998 23 12
1 8119 74 893.9 893.9 23 12
1 8119 74 29.02 29.02 23 12
1 8645 75 0 0 17 12
1 11668 74 384.69 384.69 15 12
1 10378 74 207.18 207.18 15 12
1 9478 74 222.95 222.95 15 12
1 6233 74 459.37 459.37 15 12
1 5867 74 20 20 15 12
1 599 73 0.25 0.25 15 12
1 4930 27 0.25 0.25 15 12
1 10129 74 342.95 342.95 15 12
1 1815 74 5 5 15 12
1 12283 46 485.17 8224 15 12
1 8343 74 0 0 16 12
1 11981 74 226.43 226.43 16 12
1 3559 62 1 1 16 12
1 10188 74 184.75 184.75 16 12
1 9100 48 39.99 39.99 16 12
1 11165 74 0.38 0.38 16 12
1 10125 29 0.01 0.01 16 12
1 10167 74 250 250 16 12
1 1303 74 1 1 16 12
1 3559 62 1 1 16 12
1 10141 74 302.56 302.56 16 12
1 12184 74 0 0 16 12
1 10173 16 1.09 1 16 12
1 12227 74 52.84 48.58 16 12
1 12202 74 0 0 16 12
1 8620 74 1 1 16 12
1 10947 74 1739.4 1739.4 16 12
1 10797 74 79.48 79.48 16 12
1 4939 27 4.08 3.75 16 12
1 3614 73 1 1 19 12
1 8315 73 1.17 20 10 12
1 8328 74 5.07 16900 10 12
1 3559 62 1 1 10 12
1 11167 18 0 0 10 12
1 4252 74 8.19 8.19 12 12
1 8660 2 428.99 594.25 15 12
1 5326 2 320.58 445.97 13 12
1 1802 1 0 0 15 11
1 12257 4 0 0 20 12
1 12257 4 0 0 16 12
1 9927 4 24999 24999 16 12
1 3769 62 29 29 22 11
1 4643 1 0 0 19 9
1 6922 1 1440 1440 19 9
1 8727 74 507.79 507.79 14 11
1 8727 74 207.79 207.79 14 11
1 5289 74 1.99 1.99 14 11
1 4816 31 835.5 102384 16 11
1 11928 31 139.58 17104 20 11
1 6922 1 1999.6 1999.6 23 5
1 4115 4 2999.99 2999.99 15 5
1 4115 4 1988.97 1988.97 15 5
1 4643 1 0 0 15 5
1 8515 24 0 0 21 12
1 8515 24 0.15 1 21 12
1 203 74 292.31 292.31 12 12
1 10211 74 10 10 12 12
1 12147 74 16 16 12 12
1 12147 74 16 16 12 12
1 5867 74 20 20 12 12
1 10211 74 30 20 12 12
1 1359 74 29.98 29.98 12 12
1 3559 62 0 0 12 12
1 4536 74 219.5 219.5 12 12
1 9478 74 275 275 12 12
1 9478 74 273.55 273.55 12 12
1 10270 74 24.95 24.95 12 12
1 7167 74 0.25 0.25 12 12
1 4078 74 167.61 167.61 12 12
1 10747 74 59.25 59.25 12 12
1 4478 74 1 1 12 12
1 12601 74 10 10 12 12
1 5335 26 438.31 5999700 19 12
1 10665 74 2000 2000 10 11
1 10648 74 500 500 11 11
1 1845 4 12000 12000 22 11
1 7411 74 8.11 8.11 12 12
1 5326 2 320.58 445.97 13 12
1 9470 64 2227.52 32945 19 12
1 9470 64 1551.39 22945 19 12
1 13910 64 676.13 10000 19 12
1 13466 64 1419.88 21000 20 12
1 8203 64 22.31 330 20 12
1 12466 64 17.83 265 17 12
1 12529 1 501 501 10 12
1 12529 4 501 501 10 12
1 12529 1 701 701 10 12
1 12529 4 701 701 10 12
1 12529 1 301 301 10 12
1 12529 4 301 301 10 12
1 4643 1 0 0 15 7
1 4643 1 0 0 15 7
1 4643 1 0 0 15 7
1 12525 1 10000 10000 15 7
1 4849 73 92.55 600 15 12
1 4849 73 92.55 600 15 12
1 4303 39 92.55 600 15 12
1 10653 74 500 500 10 12
1 8776 74 213.43 213.43 22 12
1 12025 74 5 5 11 11
1 10653 74 500 500 10 12
1 4418 4 2800 2800 14 1
1 12319 4 2800 2800 18 1
1 2225 74 1 1 13 12
1 2225 74 1 1 13 12
1 8257 74 1 1 21 11
1 8257 74 1 1 12 12
1 6718 4 0 0 20 12
1 3836 2 0 0 16 11
1 3703 2 228.85 1455.54 16 11
1 13153 35 94.95 28.8 18 12
1 13153 35 95.28 28.9 18 12
1 13152 35 118.68 36 18 12
1 10093 35 3.63 1.1 18 12
1 892 74 1539.84 1539.84 23 12
1 5176 1 2746.27 2499 22 12
1 5166 16 10.88 9.9 22 12
1 5171 1 1407.75 1281 22 12
1 4263 74 6.47 6.47 22 12
1 5196 1 349.47 318 23 12
1 5196 16 110.99 101 23 12
1 1404 4 29998 29998 18 11
1 5937 4 0 0 18 11
1 5937 4 5000 5000 18 11
1 5937 4 3000 3000 18 11
1 8287 4 1000 1000 19 11
1 4643 4 0 0 16 4
1 4643 1 0 0 14 6
1 4643 1 0 0 14 6
1 4643 1 0 0 14 6
1 6809 1 1999.6 1999.6 14 6
1 10656 74 1036.28 1036.28 15 12
1 10656 74 36.28 36.28 15 12
1 11012 74 9.55 9.55 15 12
1 4161 51 2775.65 289500 18 12
1 8064 51 57.53 6000 23 12
1 1037 4 9800 9800 12 12
1 9178 62 0 0 18 11
1 9178 62 0.71 1 18 11
1 9178 62 0 0 23 11
1 9178 62 0.71 1 23 11
1 9178 62 0 0 22 12
1 9178 62 0.71 1 22 12
1 10261 74 5.25 5.25 19 11
1 8214 25 729.82 49000 21 12
1 4248 1 1.12 1.12 21 12
1 4248 74 5.27 5.27 22 12
1 4643 4 0 0 16 5
1 4643 4 0 0 16 5
1 12204 16 1451.53 1338 23 12
1 10268 74 5.96 5.96 19 11
1 2773 4 0 0 19 12
1 2773 4 0 0 11 12
1 2773 4 0 0 12 12
1 4104 4 3000 3000 19 5
1 7211 74 1.11 1.11 18 12
1 658 36 2950 2950 18 12
1 10263 74 1.62 1.62 21 12
1 6912 74 7.7 7.7 21 12
1 14215 4 48960 48960 17 11
1 14218 4 42860 42860 17 11
1 7211 74 1 1 18 12
1 5331 36 5000 5000 18 12
1 6878 74 7.02 7.02 18 12
1 5601 1 0 0 12 12
1 4674 63 0 0 21 12
1 8559 74 135 135 15 12
1 3447 41 133.41 574.01 18 12
1 3447 41 133.41 574.01 18 12
1 6967 74 8.45 8.45 23 11
1 8314 74 59.75 59.75 14 12
1 8737 74 2045.17 2045.17 15 11
1 11316 74 10.99 10.99 16 11
1 11316 74 10.99 10.99 16 11
1 7067 1 3.34 3.34 13 11
1 7023 74 1.42 1.42 13 11
1 11361 74 4.95 4.95 16 11
1 6189 74 6.49 6.49 21 11
1 4243 1 0.59 0.59 22 12
1 11164 74 0 0 22 12
1 8672 70 2450.35 9000 18 12
1 7411 74 8.56 8.56 18 12
1 4250 74 2.76 2.76 20 12
1 4798 26 386.45 5275000 22 12
1 5335 26 14.29 195000 22 12
1 8733 74 2006.08 2006.08 14 11
1 8731 74 24.45 24.45 14 11
1 5194 16 4.82 4.5 16 11
1 11427 27 336.76 2610.12 21 11
1 11427 27 336.76 2610.12 21 11
1 12033 74 29.47 29.47 10 12
1 11565 74 40.33 40.33 12 12
1 11565 74 40.33 40.33 12 12
1 11565 74 40.33 40.33 12 12
1 11492 74 5.42 5.42 14 12
1 8578 74 2500.27 2500.27 12 12
1 8578 74 2562.18 2562.18 12 12
1 5177 76 1267.52 4758 20 12
1 5177 76 239.76 900 20 12
1 4652 69 296.69 1921.33 17 12
1 4652 69 151.17 978.96 17 12
1 4652 69 61.01 2200 17 12
1 1839 4 0 0 15 11
1 4643 4 0 0 13 6
1 4643 4 0 0 13 6
1 5173 21 109 109 10 12
1 4910 21 109.71 850.2 10 12
1 11289 74 0 0 18 12
1 950 1 0 0 17 12
1 950 1 0 0 17 12
1 950 1 0 0 17 12
1 950 1 0 0 17 12
1 1216 4 6914 6914 19 11
1 1216 4 6914 6914 19 11
1 8712 74 0.43 0.43 21 12
1 2773 1 0 0 18 12
1 2773 4 0 0 18 12
1 3949 4 4800 4800 21 12
1 3949 4 400 400 21 12
1 11454 4 0 0 22 12
1 11454 4 2500 2500 22 12
1 196 4 6500 6500 22 12
1 14030 4 0 0 17 11
1 11679 74 5.6 5.6 19 12
1 4643 4 0 0 20 6
1 1802 4 0 0 12 11
1 1759 4 4568 4568 15 11
1 324 4 5862 5862 18 12
1 324 4 2563 2563 18 12
1 8564 68 0 0 19 11
1 4680 1 700 700 10 7
1 4680 1 600 600 23 8
1 1981 4 0 0 18 12
1 4643 1 0 0 13 5
1 7446 4 844 844 16 11
1 2001 4 0 0 10 11
1 4643 1 0 0 14 7
1 4643 4 0 0 16 3
1 8061 4 3580 3580 14 11
1 4643 1 0 0 16 5
1 11004 1 0 0 16 5
1 11004 1 500 500 16 5
1 11004 4 500 500 16 5
1 11004 1 500 500 16 5
1 11004 4 500 500 16 5
1 7594 4 3448 3448 17 1
1 7594 4 3448 3448 17 1
1 7793 1 0 0 10 4
1 7793 1 5000 5000 10 4
1 4643 1 0 0 16 6
1 6809 1 1998 1998 16 6
1 4643 1 0 0 13 6
1 4349 4 300 300 23 4
1 4643 1 0 0 15 6
1 6922 1 1920 1920 15 6
1 4643 4 0 0 18 10
1 13258 4 5000 5000 18 10
1 4643 4 0 0 13 5
1 4643 1 0 0 10 7
1 4643 1 0 0 10 7
1 4318 4 3000 3000 23 4
1 4643 4 0 0 13 6
1 4643 4 0 0 19 5
1 4643 1 0 0 15 3
1 4643 1 0 0 15 3
1 4643 1 0 0 15 3
1 12525 1 10000 10000 15 3
1 8346 33 0 0 21 11
1 12326 33 3961.3 7e+05 21 11
1 12326 33 2829.5 5e+05 21 11
1 8346 33 3395.4 6e+05 21 11
1 4643 1 0 0 15 5
1 4643 1 0 0 15 5
1 4643 1 0 0 15 5
1 6914 1 4973 4973 15 5
1 4643 1 0 0 11 6
1 6809 1 1995.6 1995.6 11 6
1 4643 1 0 0 14 5
1 4643 1 0 0 14 5
1 4643 1 0 0 14 5
1 4643 1 0 0 14 5
1 4643 1 0 0 14 5
1 6922 1 1999.8 1999.8 14 5
1 6809 4 1995.6 1995.6 13 6
1 6809 4 1995.6 1995.6 13 6
1 4643 1 0 0 10 5
1 4643 1 0 0 10 5
1 4643 1 0 0 10 5
1 6922 1 1999.8 1999.8 10 5
1 4643 1 0 0 15 5
1 4643 1 0 0 15 5
1 4643 1 0 0 15 5
1 6922 1 1999.8 1999.8 15 5
1 4643 1 0 0 18 5
1 4643 1 0 0 18 5
1 4643 1 0 0 18 5
1 6922 1 1999.8 1999.8 18 5
1 4643 1 0 0 11 6
1 4643 1 0 0 11 6
1 4643 1 0 0 11 6
1 6809 1 799.84 799.84 11 6
1 4643 1 0 0 15 5
1 6922 1 1999.8 1999.8 15 5
1 6922 1 1999.8 1999.8 15 5
1 4643 1 0 0 16 3
1 4643 1 0 0 16 3
1 4643 1 0 0 16 3
1 4643 1 0 0 16 3
1 12525 1 5000 5000 16 3
1 4643 1 0 0 16 3
1 7793 1 0 0 12 5
1 4643 1 0 0 12 5
1 7793 1 0 0 12 5
1 4643 1 0 0 14 6
1 4643 1 0 0 14 6
1 4643 1 0 0 14 6
1 6809 1 1999.6 1999.6 14 6
1 6809 4 1999.6 1999.6 14 6
1 6809 1 1999.6 1999.6 14 6
1 6809 1 1999.6 1999.6 14 6
1 6809 4 1999.6 1999.6 14 6
1 4643 1 0 0 14 6
1 4643 1 0 0 14 6
1 4643 1 0 0 14 6
1 6809 1 1999.6 1999.6 14 6
1 6809 4 1999.6 1999.6 14 6
1 6809 1 1999.6 1999.6 14 6
1 6809 4 1999.6 1999.6 14 6
1 6809 1 999.8 999.8 14 6
1 4643 1 0 0 14 5
1 4643 1 0 0 13 6
1 4643 1 0 0 13 6
1 4643 1 0 0 13 6
1 6809 1 1998 1998 13 6
1 6809 4 1998 1998 13 6
1 6809 1 1998 1998 13 6
1 4643 1 0 0 13 6
1 4643 1 0 0 13 6
1 4643 1 0 0 13 6
1 6809 1 999.8 999.8 13 6
1 12314 4 95 95 21 2
1 4643 1 0 0 14 6
1 4643 1 0 0 14 6
1 4643 1 0 0 14 6
1 6809 1 1999.8 1999.8 14 6
1 4643 1 0 0 10 7
1 4643 1 0 0 10 7
1 4643 1 0 0 10 7
1 4643 1 0 0 10 7
1 4643 1 0 0 10 7
1 4643 1 0 0 10 7
1 12531 1 5000 5000 10 7
1 12531 1 3000 3000 10 7
1 12531 1 2000 2000 10 7
1 4643 1 0 0 10 6
1 4643 1 0 0 10 6
1 4643 1 0 0 10 6
1 4643 1 0 0 10 6
1 6809 1 1999.6 1999.6 10 6
1 6809 4 1999.6 1999.6 10 6
1 6809 1 1999.6 1999.6 10 6
1 6809 4 1999.6 1999.6 10 6
1 6809 1 999.8 999.8 10 6
1 7793 1 0 0 14 6
1 7793 1 0 0 14 6
1 4643 1 0 0 14 6
1 7793 1 0 0 14 6
1 4643 1 0 0 15 6
1 4643 1 0 0 15 6
1 4643 1 0 0 15 6
1 6809 1 1999.8 1999.8 16 6
1 4643 1 0 0 16 5
1 4643 1 0 0 16 5
1 4643 1 0 0 16 5
1 6914 1 4398 4398 16 5
1 6914 1 2980 2980 16 5
1 12525 1 3000 3000 10 7
1 12525 4 3000 3000 10 7
1 12525 1 1000 1000 10 7
1 12525 4 1000 1000 10 7
1 4643 1 0 0 10 9
1 4643 1 0 0 10 9
1 4643 1 0 0 10 9
1 12525 1 1000 1000 10 9
1 13032 4 0 0 14 12
1 318 4 2190.5 2190.5 15 12
1 4643 1 0 0 10 6
1 4643 1 0 0 10 6
1 4643 1 0 0 10 6
1 4643 1 0 0 10 6
1 6809 1 1999.6 1999.6 10 6
1 6809 1 1999.6 1999.6 10 6
1 6809 1 999.9 999.9 10 6
1 6809 4 999.9 999.9 10 6
1 4643 1 0 0 14 6
1 4643 1 0 0 14 6
1 4643 1 0 0 14 6
1 6809 1 599.4 599.4 14 6
1 4643 1 0 0 10 6
1 6809 1 1999.8 1999.8 10 6
1 6809 4 1999.8 1999.8 10 6
1 6809 1 999.9 999.9 10 6
1 6809 1 999.9 999.9 10 6
1 6809 4 999.9 999.9 10 6
1 7793 1 0 0 14 5
1 4643 1 0 0 14 5
1 7793 1 0 0 14 5
1 7793 1 3912 3912 14 5
1 4643 1 0 0 16 5
1 6922 1 499.95 499.95 16 5
1 4643 1 0 0 14 6
1 4643 1 0 0 14 6
1 4643 1 0 0 14 6
1 4643 1 0 0 15 6
1 4643 1 0 0 15 6
1 4643 1 0 0 15 6
1 4643 1 0 0 15 6
1 6922 1 1990 1990 15 6
1 2850 1 0 0 20 2
1 2850 1 198 198 20 2
1 4643 1 0 0 16 5
1 4643 1 0 0 16 5
1 4643 1 0 0 16 5
1 4643 1 0 0 16 5
1 4643 1 0 0 16 5
1 6922 1 1999.8 1999.8 16 5
1 4643 1 0 0 16 5
1 6922 1 999.9 999.9 16 5
1 7793 1 0 0 10 6
1 4643 1 0 0 10 6
1 4643 1 0 0 10 6
1 7793 1 0 0 10 6
1 4643 1 0 0 17 6
1 4643 1 0 0 17 6
1 4643 1 0 0 17 6
1 6809 1 1997.6 1997.6 17 6
1 6809 4 1997.6 1997.6 17 6
1 6809 1 1997.6 1997.6 17 6
1 9662 4 0 0 15 4
1 9662 4 0 0 15 4
1 9662 4 0 0 16 4
1 601 4 2220 2220 16 4
1 9907 1 0 0 17 11
1 9907 1 0 0 17 11
1 9907 1 0 0 17 11
1 9935 1 0 0 23 11
1 2773 1 0 0 12 11
1 9917 1 0 0 13 11
1 2773 1 0 0 21 12
1 4419 4 3000 3000 23 4
1 12532 4 2600 2600 10 1
1 11765 74 6.21 1 20 6
1 4643 1 0 0 15 7
1 4643 1 0 0 15 7
1 4643 1 0 0 15 7
1 4643 1 0 0 14 1
1 12532 1 2800 2800 14 1
1 12532 1 3000 3000 15 1
1 4643 1 0 0 10 6
1 7793 1 0 0 10 6
1 7793 1 6556 6556 10 6
1 4643 1 0 0 11 3
1 4643 1 0 0 13 3
1 4643 1 0 0 13 3
1 4643 1 0 0 13 3
1 12532 1 4997 4997 13 3
1 9662 4 0 0 10 8
1 9662 4 0 0 10 8
1 4643 1 0 0 10 1
1 4643 1 0 0 10 1
1 4643 1 0 0 10 1
1 12532 1 5000 5000 10 1
1 12532 1 2500 2500 10 1
1 12532 1 500 500 16 1
1 12532 4 500 500 16 1
1 12532 1 500 500 16 1
1 12532 4 500 500 16 1
1 12532 1 1000 1000 16 1
1 12532 1 1000 1000 16 1
1 4643 1 0 0 14 2
1 4643 1 0 0 14 2
1 4643 1 0 0 14 2
1 4643 1 0 0 14 2
1 12532 1 5000 5000 14 2
1 12532 4 5000 5000 14 2
1 12532 1 4000 4000 14 2
1 12525 4 3000 3000 10 12
1 9662 4 0 0 11 7
1 9662 4 0 0 11 7
1 4643 1 0 0 14 7
1 4643 1 0 0 14 7
1 4643 1 0 0 14 7
1 12525 1 5000 5000 14 7
1 4643 1 0 0 15 3
1 12532 1 1000 1000 15 3
1 12532 4 1000 1000 15 3
1 4643 1 0 0 11 12
1 4643 1 0 0 11 12
1 4643 1 0 0 11 12
1 12525 1 2000 2000 11 12
1 12525 1 2000 2000 11 12
1 12525 1 5000 5000 11 12
1 4643 1 0 0 15 6
1 4643 1 0 0 15 6
1 4643 1 0 0 15 6
1 4643 1 0 0 15 1
1 4643 1 0 0 15 1
1 4643 1 0 0 15 1
1 12532 1 5000 5000 15 1
1 12532 4 5000 5000 15 1
1 12532 1 2000 2000 15 1
1 12532 1 1000 1000 15 1
1 2498 4 2560 2560 10 11
1 2773 4 0 0 10 11
1 190 4 3985 3985 10 11
1 12525 1 10000 10000 13 1
1 12525 4 10000 10000 13 1
1 12532 1 5000 5000 13 1
1 12532 1 5000 5000 13 1
1 12532 1 3000 3000 13 1
1 4643 4 0 0 11 4
1 13043 1 0 0 12 11
1 13045 1 0 0 12 11
1 4643 1 0 0 14 1
1 12525 1 2000 2000 14 1
1 12525 1 1000 1000 14 1
1 4643 1 0 0 13 5
1 6922 1 1920 1920 13 5
1 4643 1 0 0 17 4
1 4643 4 0 0 20 3
1 4643 4 0 0 21 3
1 4643 4 0 0 19 4
1 4643 4 0 0 16 4
1 13029 4 0.01 0.01 16 4
1 4643 4 0 0 11 4
1 12527 1 0 0 12 4
1 4643 1 0 0 12 4
1 12527 1 0 0 12 4
1 4643 1 0 0 12 4
1 12527 1 0 0 12 4
1 4643 4 0 0 16 1
1 4643 4 0 0 16 1
1 13569 4 39000 39000 14 11
1 13569 4 30000 30000 14 11
1 4643 1 0 0 16 6
1 4643 1 0 0 16 6
1 4643 1 0 0 16 6
1 4643 4 0 0 20 3
1 6809 1 1997.6 1997.6 10 6
1 6809 1 998.8 998.8 10 6
1 4643 4 0 0 16 7
1 14018 4 500 500 16 7
1 4643 4 0 0 17 6
1 13031 4 0.1 0.1 17 6
1 4643 4 0 0 15 7
1 13031 4 0.1 0.1 15 7
1 4349 4 29 29 11 5
1 4349 4 29.7 29.7 11 5
1 2849 1 0 0 22 8
1 11760 74 318.57 50 12 10
1 11760 74 318.57 50 17 10
1 5404 4 11 11 11 12
1 4643 4 0 0 13 12
1 8061 4 380 380 15 12
1 8061 4 380 380 15 12
1 8061 4 390 390 15 12
1 8061 4 290 290 15 12
1 8061 4 310 310 15 12
1 4643 1 0 0 18 7
1 4643 1 0 0 18 7
1 6922 1 868.01 868.01 18 7
1 967 1 11635 11635 11 12
1 967 1 11635 11635 11 12
1 2013 4 5000 5000 17 12
1 2206 4 2000 2000 17 12
1 1441 4 2000 2000 17 12
1 1452 4 1000 1000 17 12
1 2203 4 1000 1000 17 12
1 7355 4 0 0 18 12
1 7355 4 200 200 18 12
1 4948 4 0 0 19 12
1 11760 74 6.46 1 21 12
1 6809 1 714 714 11 11
1 6809 4 714 714 11 11
1 6809 1 312 312 11 11
1 6809 1 306 306 11 11
1 6809 1 312 312 11 11
1 6809 4 312 312 11 11
1 6809 1 306 306 11 11
1 6809 1 312 312 11 11
1 6809 4 312 312 11 11
1 6809 1 306 306 11 11
1 6809 4 306 306 11 11
1 6809 1 312 312 11 11
1 4643 4 0 0 12 5
1 9662 1 0 0 10 12
1 4643 1 0 0 15 9
1 4643 1 0 0 15 9
1 4643 1 0 0 15 9
1 12525 1 5000 5000 15 9
1 12525 1 5000 5000 15 9
1 12525 1 3000 3000 15 9
1 13036 1 0 0 16 12
1 13036 4 0 0 16 12
1 4643 1 0 0 10 6
1 4643 4 0 0 13 5
1 12319 4 3000 3000 23 3
1 12319 4 2000 2000 23 3
1 4643 1 0 0 13 5
1 4643 1 0 0 13 5
1 4643 1 0 0 13 5
1 6922 1 1998.8 1998.8 13 5
1 6922 4 1998.8 1998.8 13 5
1 6922 1 1998.8 1998.8 13 5
1 6922 1 1998.8 1998.8 13 5
1 6922 1 1998.8 1998.8 13 5
1 6922 4 1998.8 1998.8 13 5
1 6922 4 999.4 999.4 13 5
1 6914 1 3987 3987 13 5
1 6914 1 3987 3987 13 5
1 7793 1 0 0 11 4
1 4643 1 0 0 11 4
1 7793 1 0 0 11 4
1 7793 1 1952 1952 11 4
1 4643 4 0 0 13 4
1 6809 1 1999.8 1999.8 13 6
1 4643 4 0 0 17 2
1 9337 73 12696.11 15366.88 19 11
1 11771 74 6.4 1 22 11
1 9337 48 12697.65 15366.88 17 11
1 4643 4 0 0 15 5
1 4643 1 0 0 19 9
1 6914 1 1999 1999 19 9
1 11773 74 6.42 1 22 12
1 4643 1 0 0 18 5
1 4643 1 0 0 23 5
1 2001 4 0 0 10 11
1 4643 1 0 0 11 6
1 4643 1 0 0 11 6
1 4643 1 0 0 11 6
1 12852 1 50 50 11 6
1 12852 4 50 50 11 6
1 4300 4 7580 7580 15 12
1 4643 4 0 0 16 6
1 950 1 0 0 15 11
1 7408 4 17800 17800 15 11
1 7406 4 5600 5600 15 11
1 14161 1 0.01 0.01 17 11
1 11774 74 12.97 2 10 12
1 11774 74 7.78 1.2 12 12
1 11774 74 7.78 1.2 12 12
1 4418 4 3000 3000 18 5
1 4418 4 1950 1950 18 5
1 8934 40 8263 10000 11 12
1 8934 40 8263 10000 11 12
1 8934 40 8263 10000 11 12
1 4498 4 1000 1000 22 7
1 4498 4 1000 1000 22 7
1 4498 4 1000 1000 22 7
1 4498 4 1000 1000 22 7
1 4498 4 1000 1000 22 7
1 5404 4 2280 2280 22 11
1 2474 4 182 182 19 12
1 2474 4 5000 5000 19 12
1 2474 4 19963 19963 19 12
1 2474 4 10030 10030 19 12
1 4643 4 0 0 11 3
1 4112 4 10 10 22 12
1 4112 4 99.8 99.8 23 12
1 4112 4 99.8 99.8 23 12
1 4112 4 99.8 99.8 23 12
1 4112 4 99.8 99.8 23 12
1 4112 4 99.8 99.8 23 12
1 4112 4 99.8 99.8 23 12
1 4112 4 99.8 99.8 23 12
1 4112 4 4987 4987 16 5
1 4112 4 2989 2989 16 5
1 9453 1 0 0 23 12
1 9453 1 0 0 21 12
1 9453 1 5942.47 5942.47 21 12
1 9453 1 5942.47 5942.47 21 12
1 9453 1 0 0 21 12
1 4643 4 0 0 12 2
1 1802 4 0 0 15 11
1 1748 4 8950 8950 15 11
1 1802 4 0 0 16 11
1 53 4 18962 18962 16 12
1 11567 31 157.77 3018 17 12
1 11567 31 704.85 13483 17 12
1 11567 31 480.95 9200 17 12
1 4643 4 0 0 13 7
1 4106 4 100 100 21 5
1 4106 4 500 500 12 5
1 4106 4 500 500 22 5
1 2561 4 12100 12100 20 12
1 2001 4 0 0 11 11
1 4643 1 0 0 15 12
1 7793 1 0 0 15 12
1 2695 4 19898 19898 18 11
1 4643 4 0 0 15 8
1 4643 4 0 0 15 8
1 12503 4 4900 4900 15 8
1 12503 4 712 712 15 8
1 4643 4 0 0 15 8
1 12503 4 3366 3366 15 8
1 4643 4 0 0 15 8
1 12503 4 4933 4933 15 8
1 12503 4 4900 4900 15 8
1 4643 4 0 0 15 8
1 12503 4 1789 1789 15 8
1 4643 4 0 0 15 8
1 12503 4 1789 1789 15 8
1 4643 4 712 712 15 8
1 12503 4 1789 1789 15 8
1 12503 4 4933 4933 15 8
1 12503 4 1789 1789 15 8
1 12503 4 1789 1789 15 8
1 12503 4 1789 1789 15 8
1 12461 1 478 478 15 5
1 12461 1 478 478 15 5
1 12461 1 478 478 18 5
1 12461 1 478 478 18 5
1 4643 4 0 0 19 5
1 6689 1 0 0 20 11
1 5902 1 0 0 18 12
1 4643 4 0 0 23 1
1 9396 4 0 0 14 10
1 9396 4 988 988 14 10
1 1426 4 1998.08 1998.08 14 10
1 9396 4 1976 1976 14 10
1 4643 4 0 0 15 6
1 4643 4 0 0 13 7
1 4643 1 0 0 14 6
1 4643 1 0 0 14 6
1 4643 1 0 0 14 6
1 6809 1 498.5 498.5 14 6
1 1045 4 29999.86 29999.86 18 11
1 1045 4 1 1 18 11
1 4349 4 99.5 99.5 10 4
1 1910 1 0 0 16 11
1 11647 4 0 0 13 11
1 4643 1 0 0 14 6
1 4643 1 0 0 14 6
1 4643 1 0 0 14 6
1 6809 1 1999.6 1999.6 14 6
1 4643 1 0 0 11 6
1 4643 1 0 0 11 6
1 4643 1 0 0 11 6
1 4643 1 0 0 11 6
1 4643 1 0 0 11 6
1 4643 1 0 0 11 6
1 4643 1 0 0 11 6
1 6809 1 1999.6 1999.6 11 6
1 4643 1 0 0 15 6
1 4643 1 0 0 15 9
1 4643 1 0 0 15 9
1 4643 1 0 0 16 9
1 4643 1 0 0 16 9
1 6809 1 1010 1010 16 9
1 4643 4 0 0 14 7
1 4643 4 0 0 15 4
1 14018 4 4987.12 4987.12 15 4
1 4643 4 0 0 15 4
1 11004 4 499.2 499.2 14 5
1 12527 1 0 0 11 5
1 12527 1 0 0 11 5
1 4643 1 0 0 11 5
1 4643 1 0 0 11 5
1 4643 1 0 0 11 5
1 12527 1 0 0 11 5
1 12527 1 0 0 11 5
1 4643 1 0 0 11 5
1 4643 1 0 0 11 5
1 12527 1 0 0 11 5
1 12527 1 2000 2000 11 5
1 1897 1 0 0 13 12
1 4643 1 0 0 14 8
1 4643 1 0 0 14 8
1 4643 1 0 0 14 8
1 12525 1 10000 10000 14 8
1 13031 4 0.1 0.1 12 6
1 4643 4 0 0 11 11
1 4643 4 0 0 16 3
1 4643 4 0 0 16 3
1 2109 4 0 0 15 11
1 1788 4 6000 6000 16 11
1 1787 4 1 1 16 11
1 4643 4 0 0 16 4
1 4643 1 0 0 15 6
1 2713 1 29880 29880 21 12
1 9453 4 0 0 17 12
1 14018 4 1250 1250 17 12
1 9928 4 1976.31 1976.31 18 11
1 9662 4 500 500 22 12
1 4643 1 0 0 14 8
1 4643 1 0 0 14 8
1 4643 1 0 0 14 8
1 3806 1 2000 2000 14 8
1 3806 1 2000 2000 14 8
1 3806 4 2000 2000 14 8
1 3806 1 2000 2000 14 8
1 3806 1 2000 2000 14 8
1 13034 4 0 0 12 12
1 11654 4 0 0 14 11
1 12325 33 21047.74 3793000 16 11
1 5126 33 554.91 1e+05 16 11
1 2595 4 19900 19900 17 11
1 2497 4 19900 19900 17 11
1 12410 4 0 0 11 11
1 3165 4 0 0 17 11
1 6594 1 0.05 0.05 12 12
1 6918 4 15 15 22 5
1 6918 4 15 15 22 5
1 12319 4 3000 3000 17 3
1 12319 4 2000 2000 17 3
1 12319 4 3000 3000 23 3
1 12319 4 2000 2000 23 3
1 13710 1 0 0 22 12
1 14047 4 50000 50000 11 12
1 14047 4 10000 10000 11 12
1 14047 4 5000 5000 11 12
1 2300 4 10 10 18 12
1 14047 1 0 0 22 12
1 14047 4 0 0 22 12
1 2300 4 88.77 88.77 22 12
1 12835 1 20 20 18 12
1 12834 4 28630 28630 13 12
1 4643 4 0 0 14 5
1 4643 1 0 0 15 9
1 4643 1 0 0 15 9
1 4643 1 0 0 15 9
1 6809 1 1412.46 1412.46 15 9
1 11653 4 0 0 14 11
1 2485 4 19999 19999 14 11
1 2486 4 10000 10000 14 11
1 11637 4 0 0 14 11
1 11654 4 0 0 14 11
1 1802 4 0 0 19 11
1 4418 4 3000 3000 23 3
1 4418 4 2000 2000 23 3
1 4318 4 98.5 98.5 17 3
1 4418 4 1100 1100 13 4
1 12532 4 5000 5000 14 3
1 4418 4 30000 30000 11 3
1 12319 4 446 446 11 3
1 12319 4 2000 2000 10 3
1 4643 4 0 0 23 3
1 9335 55 6.23 1 15 1
1 9335 48 6.22 1 18 1
1 8061 4 320 320 11 11
1 8061 4 370 370 11 11
1 4418 4 3000 3000 23 3
1 4418 4 2000 2000 23 3
1 4643 1 0 0 14 7
1 4643 1 0 0 14 7
1 4643 1 0 0 14 7
1 4643 1 0 0 14 7
1 4643 1 0 0 14 7
1 12531 1 10000 10000 14 7
1 4643 4 0 0 16 5
1 14089 1 0 0 17 12
1 14089 1 0 0 17 12
1 4418 4 3000 3000 21 4
1 12319 4 3000 3000 23 4
1 11004 4 500 500 13 2
1 4106 4 300 300 23 12
1 2865 1 0 0 16 5
1 4643 1 0 0 16 5
1 2865 1 0 0 16 5
1 2865 1 7000 7000 16 5
1 14161 4 0 0 12 12
1 168 4 17900 17900 12 12
1 168 4 5900 5900 12 12
1 12263 4 2999 2999 19 10
1 6805 1 0 0 19 10
1 4643 1 0 0 19 10
1 6805 1 0 0 19 10
1 6805 1 1999.68 1999.68 19 10
1 6805 4 1999.68 1999.68 19 10
1 6805 1 1999.68 1999.68 19 10
1 6805 4 1999.68 1999.68 19 10
1 6809 1 1999.68 1999.68 19 10
1 4643 1 0 0 16 5
1 4643 1 0 0 16 5
1 4643 1 0 0 16 5
1 4643 1 0 0 16 5
1 4643 1 0 0 16 5
1 6914 1 2983 2983 16 5
1 4643 1 0 0 11 7
1 4643 1 0 0 11 7
1 4643 1 0 0 11 7
1 12531 1 10000 10000 11 7
1 4643 1 0 0 10 6
1 6809 1 1999.6 1999.6 10 6
1 4643 1 0 0 14 6
1 4643 1 0 0 14 6
1 4643 1 0 0 14 6
1 6809 1 936 936 14 6
1 12319 4 32000 32000 12 3
1 4643 1 0 0 11 6
1 4643 1 0 0 11 6
1 4643 1 0 0 11 6
1 6809 1 1998 1998 11 6
1 4643 1 0 0 17 5
1 4643 1 0 0 17 5
1 4643 1 0 0 17 5
1 6914 1 3980 3980 17 5
1 6809 1 1999.8 1999.8 10 6
1 6809 4 1999.8 1999.8 10 6
1 6809 1 1999.8 1999.8 10 6
1 6809 4 1999.8 1999.8 10 6
1 6809 1 999.9 999.9 10 6
1 6809 4 999.9 999.9 10 6
1 7793 1 0 0 14 6
1 4643 1 0 0 14 6
1 4643 1 0 0 14 6
1 4643 1 0 0 14 6
1 7793 1 0 0 14 6
1 4643 1 0 0 14 6
1 7793 1 0 0 14 6
1 4643 1 0 0 15 6
1 7793 1 0 0 15 6
1 7793 1 9856 9856 15 6
1 4643 1 0 0 14 6
1 4643 1 0 0 14 6
1 4643 1 0 0 14 6
1 4643 1 0 0 14 6
1 4643 1 0 0 14 6
1 6809 1 1909.5 1909.5 14 6
1 6809 4 1909.5 1909.5 14 6
1 6809 1 1900 1900 14 6
1 6809 1 1900 1900 14 6
1 6809 1 1105.5 1105.5 14 6
1 4643 1 0 0 14 5
1 4643 1 0 0 14 5
1 4643 1 0 0 14 5
1 6922 1 1999.8 1999.8 14 5
1 6922 1 1999.8 1999.8 14 5
1 6922 1 999.9 999.9 14 5
1 4643 1 0 0 10 5
1 4643 1 0 0 10 5
1 4643 1 0 0 10 5
1 6922 1 999.9 999.9 10 5
1 7793 1 0 0 16 5
1 4643 1 0 0 16 5
1 7793 1 0 0 16 5
1 7793 1 5999.27 5999.27 16 5
1 4643 1 0 0 12 7
1 4643 1 0 0 12 7
1 4643 1 0 0 12 7
1 4643 1 0 0 12 7
1 6922 1 505 505 12 7
1 4643 1 0 0 10 6
1 4643 1 0 0 10 6
1 4643 1 0 0 10 6
1 6922 1 1999.8 1999.8 10 6
1 12319 4 3000 3000 14 7
1 12319 4 3000 3000 15 7
1 4419 4 2000 2000 15 7
1 7793 1 0 0 13 6
1 4643 1 0 0 13 6
1 7793 1 0 0 13 6
1 7793 1 4988 4988 13 6
1 4643 4 0 0 14 7
1 3895 1 0 0 17 7
1 4643 1 0 0 17 7
1 4643 1 0 0 17 7
1 4643 1 0 0 13 6
1 4643 1 0 0 13 6
1 4643 1 0 0 13 6
1 6809 1 1997.6 1997.6 13 6
1 4643 1 0 0 14 1
1 12532 1 5000 5000 14 1
1 13793 4 6560 6560 17 12
1 4418 4 9504 9504 16 1
1 4643 1 0 0 17 7
1 4643 1 0 0 17 7
1 4643 1 0 0 17 7
1 12525 1 5000 5000 17 7
1 8209 1 1000 1000 18 11
1 8209 1 1000 1000 18 11
1 4643 1 0 0 10 6
1 4643 1 0 0 10 6
1 6809 1 1999.6 1999.6 10 6
1 4643 1 0 0 15 6
1 4643 1 0 0 15 6
1 4643 1 0 0 15 6
1 4643 1 0 0 15 6
1 4643 1 0 0 15 6
1 4643 1 0 0 15 6
1 4643 1 0 0 15 6
1 4643 1 0 0 15 6
1 6809 1 1997.6 1997.6 15 6
1 4643 1 0 0 10 5
1 4643 1 0 0 10 5
1 4643 1 0 0 10 5
1 6922 1 999.9 999.9 10 5
1 4643 1 0 0 11 5
1 4643 1 0 0 11 5
1 4643 1 0 0 11 5
1 6982 1 1586 1586 11 5
1 4643 1 0 0 12 1
1 4643 1 0 0 12 1
1 4643 1 0 0 12 1
1 12532 1 4500 4500 12 1
1 6809 1 1999.6 1999.6 14 6
1 4643 1 0 0 10 5
1 6914 1 2345 2345 10 5
1 6914 4 2345 2345 10 5
1 6914 1 4963 4963 10 5
1 6922 1 699.93 699.93 10 5
1 4643 1 0 0 16 5
1 6922 1 1999.8 1999.8 16 5
1 6922 4 1999.8 1999.8 16 5
1 6922 1 1999.8 1999.8 16 5
1 6922 1 1999.8 1999.8 16 5
1 6922 4 1999.8 1999.8 16 5
1 6922 1 999.9 999.9 16 5
1 6922 4 999.9 999.9 16 5
1 12525 1 5000 5000 17 1
1 12525 1 5000 5000 17 1
1 12525 1 5000 5000 17 1
1 12525 1 5000 5000 17 1
1 12525 4 5000 5000 17 1
1 12532 1 899 899 17 1
1 12532 4 899 899 17 1
1 7793 1 0 0 15 5
1 4643 1 0 0 15 5
1 7793 1 0 0 15 5
1 7793 1 9809 9809 15 5
1 4643 1 0 0 13 6
1 4643 1 0 0 13 6
1 4643 1 0 0 13 6
1 4643 1 0 0 13 6
1 4643 1 0 0 13 6
1 4643 1 0 0 13 6
1 6809 1 99.9 99.9 13 6
1 6809 1 1998 1998 13 6
1 6809 1 999 999 13 6
1 4643 1 0 0 16 5
1 4643 1 0 0 16 5
1 4643 1 0 0 16 5
1 4643 1 0 0 16 5
1 6914 1 2790 2790 16 5
1 7793 1 0 0 17 6
1 4643 1 0 0 17 6
1 7793 1 0 0 17 6
1 7793 1 0 0 10 6
1 4643 1 0 0 10 6
1 7793 1 0 0 10 6
1 7793 1 9865 9865 10 6
1 7793 1 0 0 12 6
1 4643 1 0 0 12 6
1 7793 1 0 0 12 6
1 4643 1 0 0 13 6
1 4643 1 0 0 13 6
1 4643 1 0 0 13 6
1 6809 1 1996 1996 13 6
1 4643 1 0 0 16 6
1 4643 1 0 0 16 6
1 4643 1 0 0 16 6
1 6922 1 1999.8 1999.8 16 6
1 4643 1 0 0 17 6
1 6809 1 1999.8 1999.8 17 6
1 6809 4 1999.8 1999.8 17 6
1 4643 1 0 0 20 3
1 4643 1 0 0 10 5
1 4643 1 0 0 10 5
1 4643 1 0 0 10 5
1 6922 1 699.93 699.93 10 5
1 6809 1 1999.6 1999.6 11 6
1 6809 4 1999.6 1999.6 11 6
1 6809 1 1999.6 1999.6 11 6
1 6809 1 1999.6 1999.6 13 6
1 11055 4 100 100 13 1
1 11055 4 100 100 13 1
1 11055 4 100 100 13 1
1 11055 4 100 100 13 1
1 11004 4 100 100 13 1
1 4643 1 0 0 15 6
1 6809 1 1999.6 1999.6 15 6
1 4643 1 0 0 13 1
1 4643 1 0 0 13 1
1 4643 1 0 0 13 1
1 12525 1 10000 10000 13 1
1 12525 1 10000 10000 13 1
1 12525 1 10000 10000 13 1
1 4643 1 0 0 14 6
1 4643 1 0 0 14 6
1 4643 1 0 0 14 6
1 6809 1 1919 1919 14 6
1 855 4 0 0 14 11
1 2126 4 0 0 12 11
1 2126 4 0 0 16 11
1 2126 4 0 0 10 12
1 4643 1 0 0 13 6
1 4643 1 0 0 13 6
1 4643 1 0 0 13 6
1 6809 1 1999.8 1999.8 13 6
1 4643 1 0 0 10 5
1 4643 1 0 0 10 5
1 4643 1 0 0 10 5
1 6922 1 999.9 999.9 10 5
1 2103 1 0 0 19 11
1 4643 1 0 0 13 6
1 4643 1 0 0 13 6
1 4643 1 0 0 13 6
1 6809 1 1497 1497 13 6
1 4419 4 26002 26002 15 1
1 7793 1 0 0 16 6
1 7793 1 2498 2498 16 6
1 7793 1 0 0 14 5
1 4643 1 0 0 14 5
1 7793 1 0 0 14 5
1 7793 1 9890 9890 14 5
1 4643 1 0 0 12 6
1 4643 1 0 0 12 6
1 4643 1 0 0 12 6
1 6809 1 1999.8 1999.8 12 6
1 4643 1 0 0 16 6
1 4643 1 0 0 16 6
1 4643 1 0 0 16 6
1 6809 1 1999.6 1999.6 16 6
1 4498 4 1999 1999 16 10
1 4643 1 0 0 16 10
1 4643 1 0 0 16 10
1 4643 1 0 0 16 10
1 4643 1 0 0 16 10
1 6922 1 2000 2000 16 10
1 4643 1 0 0 14 6
1 4643 1 0 0 14 6
1 4643 1 0 0 14 6
1 6809 1 1998 1998 14 6
1 4643 1 0 0 15 6
1 4643 1 0 0 15 6
1 4643 1 0 0 15 6
1 4643 1 0 0 15 6
1 6809 1 1915.2 1915.2 15 6
1 6809 1 1915.2 1915.2 15 6
1 6809 4 1915.2 1915.2 15 6
1 6809 1 1008 1008 15 6
1 6809 1 504 504 15 6
1 4643 1 0 0 14 8
1 12525 1 5000 5000 14 8
1 4643 1 0 0 10 6
1 4643 1 0 0 10 6
1 4643 1 0 0 10 6
1 4643 1 0 0 10 6
1 4643 1 0 0 10 6
1 4643 1 0 0 10 6
1 6809 1 1999.8 1999.8 10 6
1 4643 1 0 0 14 5
1 4643 1 0 0 14 5
1 4643 1 0 0 14 5
1 4643 1 0 0 14 5
1 4643 1 0 0 11 7
1 12531 1 2000 2000 11 7
1 4643 1 0 0 15 6
1 4643 1 0 0 15 6
1 4643 1 0 0 15 6
1 6809 1 1999.6 1999.6 15 6
1 11775 74 6898.64 1083.55 22 11
1 11768 74 10.12 1.59 22 11
1 11759 74 557.85 87.62 22 11
1 11775 74 6898.64 1083.55 22 11
1 11768 74 10.12 1.59 17 11
1 11775 74 6912.18 1083.55 17 11
1 4643 1 0 0 16 7
1 4643 1 0 0 16 7
1 4643 1 0 0 16 7
1 12531 1 1300 1300 16 7
1 12531 1 1000 1000 16 7
1 12319 4 30000 30000 16 1
1 4419 4 2457 2457 23 4
1 4419 4 1200 1200 23 4
1 4643 1 0 0 17 6
1 4643 1 0 0 17 6
1 4643 1 0 0 17 6
1 4643 1 0 0 17 6
1 4643 1 0 0 17 6
1 4643 1 0 0 17 6
1 4643 1 0 0 17 6
1 6809 1 999.8 999.8 17 6
1 4643 1 0 0 17 6
1 4643 1 0 0 17 6
1 4643 1 0 0 17 6
1 6809 1 1999.6 1999.6 17 6
1 6809 1 1999.6 1999.6 17 6
1 6809 4 1999.6 1999.6 17 6
1 6809 1 1999.6 1999.6 17 6
1 6809 1 1999.6 1999.6 17 6
1 6809 1 1999.6 1999.6 17 6
1 6809 1 999.8 999.8 17 6
1 6809 1 999.8 999.8 17 6
1 6809 4 999.8 999.8 17 6
1 1520 1 0.01 0.01 21 11
1 1520 1 0.01 0.01 21 11
1 4643 1 0 0 13 7
1 4643 1 0 0 13 7
1 4643 1 0 0 13 7
1 4643 1 0 0 13 7
1 12550 1 20000 20000 13 7
1 4643 1 0 0 16 6
1 4643 1 0 0 16 6
1 4643 1 0 0 16 6
1 6809 1 1919 1919 16 6
1 1898 4 0 0 15 11
1 12319 4 2000 2000 23 2
1 7793 1 0 0 15 5
1 4643 1 0 0 15 5
1 7793 1 0 0 15 5
1 7793 1 4890 4890 15 5
1 7793 1 0 0 13 6
1 7793 1 4980 4980 13 6
1 11776 74 644.09 100 17 8
1 7793 1 0 0 13 6
1 4643 1 0 0 13 6
1 7793 1 0 0 13 6
1 7793 1 0 0 11 6
1 7793 1 9900 9900 11 6
1 11773 74 19.86 3.1 21 12
1 11773 74 19.86 3.1 21 12
1 4643 1 0 0 18 6
1 4643 1 0 0 18 6
1 4643 1 0 0 18 6
1 6809 1 1999.6 1999.6 18 6
1 6809 4 1999.6 1999.6 18 6
1 6809 1 1999.6 1999.6 18 6
1 6809 1 1999.6 1999.6 18 6
1 6809 4 1999.6 1999.6 18 6
1 6809 1 999.8 999.8 18 6
1 6809 4 999.8 999.8 18 6
1 4643 1 0 0 14 6
1 4643 1 0 0 14 6
1 4643 1 0 0 14 6
1 6809 1 1999.6 1999.6 14 6
1 11004 4 500 500 14 2
1 12525 1 10000 10000 17 3
1 4643 1 0 0 11 5
1 6922 1 1999.8 1999.8 11 5
1 4643 1 0 0 10 6
1 4643 1 0 0 10 6
1 4643 1 0 0 10 6
1 6809 1 1990 1990 10 6
1 6809 1 1990 1990 10 6
1 6809 4 1990 1990 10 6
1 6809 1 1990 1990 10 6
1 6809 1 999.8 999.8 10 6
1 4643 1 0 0 10 6
1 4643 1 0 0 10 6
1 6809 1 1999.6 1999.6 10 6
1 4643 1 0 0 17 6
1 4643 1 0 0 17 6
1 4643 1 0 0 17 6
1 6809 1 1919 1919 17 6
1 3978 4 501 501 16 11
1 4643 1 0 0 16 6
1 4643 1 0 0 16 6
1 4643 1 0 0 16 6
1 6809 1 1999.6 1999.6 16 6
1 4643 1 0 0 14 6
1 12527 1 0 0 14 6
1 4643 1 0 0 14 6
1 12527 1 0 0 14 6
1 4643 1 0 0 14 6
1 12527 1 0 0 14 6
1 12527 1 1000 1000 14 6
1 1587 4 9000 9000 10 12
1 2527 4 700 700 12 12
1 6421 1 0 0 23 12
1 4643 1 0 0 17 5
1 4643 1 0 0 17 5
1 4643 1 0 0 17 5
1 6914 1 4673 4673 17 5
1 4643 1 0 0 13 6
1 4643 1 0 0 13 6
1 4643 1 0 0 13 6
1 6809 1 1999.8 1999.8 13 6
1 4643 1 0 0 15 5
1 4643 1 0 0 15 5
1 4643 1 0 0 15 5
1 6914 1 9896 9896 15 5
1 4112 4 144.27 144.27 18 4
1 7793 1 0 0 14 6
1 4643 1 0 0 14 6
1 945 4 0 0 12 11
1 945 4 0 0 12 11
1 11649 4 0 0 12 11
